1.39872 1.72704e-06
1.40963 6.89551e-06
1.42054 1.20465e-05
1.43145 1.20273e-05
1.44237 3.77447e-05
1.45328 5.48273e-05
1.46419 7.87176e-05
1.4751 0.000152133
1.48601 0.000256151
1.49692 0.000342944
1.50783 0.000528524
1.51875 0.000848514
1.52966 0.00134195
1.54057 0.00213981
1.55148 0.00315694
1.56239 0.00460792
1.5733 0.00689295
1.58421 0.0100757
1.59513 0.0144401
1.60604 0.0207955
1.61695 0.0289944
1.62786 0.040353
1.63877 0.0557571
1.64968 0.0752684
1.6606 0.100547
1.67151 0.134258
1.68242 0.175955
1.69333 0.229413
1.70424 0.292568
1.71515 0.373324
1.72606 0.465603
1.73698 0.578495
1.74789 0.706956
1.7588 0.856484
1.76971 1.02609
1.78062 1.2126
1.79153 1.41864
1.80244 1.6401
1.81336 1.87955
1.82427 2.12249
1.83518 2.36959
1.84609 2.61782
1.857 2.86092
1.86791 3.09023
1.87883 3.29474
1.88974 3.48243
1.90065 3.63569
1.91156 3.75445
1.92247 3.82902
1.93338 3.86983
1.94429 3.86101
1.95521 3.81734
1.96612 3.72581
1.97703 3.59247
1.98794 3.43204
1.99885 3.23676
2.00976 3.02239
2.02067 2.78924
2.03159 2.54886
2.0425 2.30092
2.05341 2.05646
2.06432 1.81514
2.07523 1.58178
2.08614 1.37119
2.09706 1.17293
2.10797 0.98826
2.11888 0.824775
2.12979 0.682811
2.1407 0.556905
2.15161 0.45028
2.16252 0.358234
2.17344 0.285083
2.18435 0.221736
2.19526 0.172296
2.20617 0.131791
2.21708 0.0996996
2.22799 0.0747577
2.2389 0.0548722
2.24982 0.0403175
2.26073 0.0284277
2.27164 0.0208802
2.28255 0.0147589
2.29346 0.0104219
2.30437 0.00710363
2.31529 0.00503913
2.3262 0.00336102
2.33711 0.00221291
2.34802 0.00149181
2.35893 0.0008759
2.36984 0.000600206
2.38075 0.000424441
2.39167 0.000274608
2.40258 0.000169254
2.41349 9.97211e-05
2.4244 7.24861e-05
2.43531 4.45697e-05
2.44622 3.18705e-05
2.45713 1.34561e-05
2.46805 8.18359e-06
2.47896 5.53169e-06
2.48987 2.80524e-06
