-3.14159 -6.85442e+06
-3.07876 -6.85442e+06
-3.01593 -3.51529e+06
-2.9531 -2.44514e+06
-2.89027 -1.93851e+06
-2.82743 -1.67874e+06
-2.7646 -1.52655e+06
-2.70177 -1.44506e+06
-2.63894 -1.41203e+06
-2.57611 -1.40697e+06
-2.51327 -1.42932e+06
-2.45044 -1.45641e+06
-2.38761 -1.49563e+06
-2.32478 -1.52851e+06
-2.26195 -1.5531e+06
-2.19911 -1.56225e+06
-2.13628 -1.54883e+06
-2.07345 -1.52391e+06
-2.01062 -1.4807e+06
-1.94779 -1.43224e+06
-1.88496 -1.38081e+06
-1.82212 -1.33e+06
-1.75929 -1.29036e+06
-1.69646 -1.26854e+06
-1.63363 -1.26e+06
-1.5708 -1.27272e+06
-1.50796 -1.30327e+06
-1.44513 -1.35006e+06
-1.3823 -1.40362e+06
-1.31947 -1.44629e+06
-1.25664 -1.45823e+06
-1.19381 -1.41579e+06
-1.13097 -1.30309e+06
-1.06814 -1.11834e+06
-1.00531 -883292
-0.942478 -632677
-0.879646 -407994
-0.816814 -236088
-0.753982 -123093
-0.69115 -58825.8
-0.628318 -25887
-0.565487 -10305.6
-0.502655 -4286.42
-0.439823 -1846.03
-0.376991 -725.298
-0.314159 -420.689
-0.251327 -140.738
-0.188495 -197.458
-0.125664 -119.681
-0.0628317 -191.112
1.11759e-07 143.333
0.062832 143.333
0.125664 87.766
0.188496 154.765
0.251328 221.159
0.314159 336.551
0.376991 708.999
0.439823 1733.29
0.502655 4327.94
0.565487 10257
0.628319 24745.4
0.69115 56102.4
0.753982 118744
0.816814 227674
0.879646 394612
0.942478 613559
1.00531 855442
1.06814 1.08535e+06
1.13097 1.264e+06
1.19381 1.37397e+06
1.25664 1.41626e+06
1.31947 1.40723e+06
1.3823 1.36799e+06
1.44513 1.31804e+06
1.50796 1.27643e+06
1.5708 1.24764e+06
1.63363 1.23648e+06
1.69646 1.24274e+06
1.75929 1.26985e+06
1.82212 1.30954e+06
1.88496 1.35954e+06
1.94779 1.41521e+06
2.01062 1.46689e+06
2.07345 1.5071e+06
2.13628 1.53493e+06
2.19911 1.54746e+06
2.26195 1.54104e+06
2.32478 1.51739e+06
2.38761 1.48533e+06
2.45044 1.45206e+06
2.51327 1.42129e+06
2.57611 1.40188e+06
2.63894 1.40494e+06
2.70177 1.43918e+06
2.7646 1.52094e+06
2.82743 1.67024e+06
2.89027 1.93866e+06
2.9531 2.44307e+06
3.01593 3.5094e+06
3.07876 6.86e+06
3.14159 6.86e+06
