9860 9891
2279 2310
17161 17193
7801 7833
3870 3901
11420 11451
21997 22028
17691 17722
6085 6116
8050 8081
23089 23121
1873 1905
21654 21685
22964 22995
21935 21966
22247 22278
8550 8581
22402 22433
3339 3370
16288 16319
22340 22371
21435 21466
5929 5961
2403 2434
8113 8145
438 469
3651 3682
12201 12232
7240 7271
8674 8705
20032 20063
1810 1841
16443 16474
16474 16505
12418 12449
1779 1810
1436 1467
4713 4744
22933 22964
15445 15476
23026 23057
19906 19937
2684 2715
9985 10017
22902 22933
4837 4868
20530 20561
18441 18472
17785 17817
13854 13885
1249 1281
16350 16381
16943 16974
12513 12544
10484 10515
16569 16600
20406 20437
20437 20468
14540 14571
7864 7895
17817 17848
17379 17410
23121 23152
5368 5399
5617 5649
7114 7145
5211 5242
22090 22121
8207 8238
9705 9736
15788 15819
10422 10453
8145 8176
17410 17441
16881 16912
13761 13792
7645 7676
17848 17879
95 126
20218 20249
12013 12044
13354 13385
19657 19689
15289 15321
15538 15569
9112 9143
2965 2996
18315 18346
13729 13761
13573 13604
20499 20530
3184 3215
19251 19282
313 345
20094 20125
625 657
12387 12418
17098 17129
1000 1031
1281 1312
11389 11420
13542 13573
10827 10858
12980 13011
20313 20344
18939 18970
15695 15726
19844 19875
11046 11077
20749 20780
12075 12106
8769 8800
16662 16693
5711 5742
22683 22714
7209 7240
13105 13137
4556 4587
6335 6366
19689 19720
18970 19001
19501 19532
20344 20375
10703 10734
18503 18534
1405 1436
19065 19096
531 562
23276 23307
11170 11201
376 407
18877 18908
17224 17255
15414 15445
10453 10484
1155 1186
5961 5992
21778 21809
7489 7521
6865 6897
18346 18377
21280 21311
5025 5056
18129 18160
2310 2341
19033 19065
23245 23276
19439 19470
22528 22559
719 750
15164 15195
12825 12856
17317 17348
18409 18441
21092 21123
6990 7021
12575 12606
4806 4837
13823 13854
19158 19189
3963 3994
17910 17941
19220 19251
18222 18253
11451 11482
7738 7769
22028 22059
15071 15102
10953 10984
5242 5273
4432 4463
14852 14883
12263 12294
4275 4306
6366 6397
13916 13947
14883 14914
5992 6023
1748 1779
12356 12387
5399 5430
16537 16569
15102 15133
19345 19377
14041 14073
4618 4649
15476 15507
8893 8924
18753 18784
14790 14821
5835 5866
4213 4244
21623 21654
4681 4713
4868 4899
20593 20625
18097 18129
9610 9641
8612 8643
1124 1155
22185 22216
13511 13542
2591 2622
14914 14945
6178 6209
22278 22309
19408 19439
16631 16662
11482 11513
21561 21592
4525 4556
14416 14447
17286 17317
11015 11046
13261 13292
18658 18689
10172 10203
14697 14728
14977 15009
3370 3401
16131 16162
3808 3839
13449 13480
4057 4089
4306 4337
3745 3777
18160 18191
4899 4930
8800 8831
20687 20718
1593 1624
5773 5804
22216 22247
12325 12356
15726 15757
7833 7864
21217 21249
11920 11951
10641 10672
11857 11889
14166 14197
15133 15164
20125 20156
9143 9174
1186 1217
7052 7083
21466 21497
7926 7957
10079 10110
10391 10422
17722 17753
12856 12887
9205 9236
11108 11139
1062 1093
11763 11794
2560 2591
17598 17629
16412 16443
5118 5149
17567 17598
8581 8612
9673 9705
2872 2903
22871 22902
5523 5554
16381 16412
7614 7645
12106 12137
3496 3527
16257 16288
3558 3589
15633 15664
18003 18034
10546 10577
10984 11015
10329 10360
219 250
22621 22652
11670 11701
9891 9922
2653 2684
15352 15383
20001 20032
6616 6647
9922 9953
3277 3308
19096 19127
15976 16007
19782 19813
19532 19563
22309 22340
7583 7614
3994 4025
9829 9860
9517 9548
12668 12699
20625 20656
8519 8550
8331 8362
4930 4961
14478 14509
8176 8207
17473 17505
8362 8393
14353 14385
13635 13666
20999 21030
15945 15976
6802 6833
1 33
22559 22590
5866 5897
13792 13823
8955 8986
7521 7552
7083 7114
9424 9455
14073 14104
21030 21061
8269 8300
5180 5211
4744 4775
20905 20937
21904 21935
7364 7395
19189 19220
8862 8893
14385 14416
11577 11608
3901 3932
19470 19501
11608 11639
1967 1998
14728 14759
8831 8862
22714 22745
1624 1655
4369 4401
14759 14790
64 95
7177 7209
9049 9081
11982 12013
9298 9329
6928 6959
781 812
11233 11265
16069 16100
874 905
2060 2091
6553 6585
6771 6802
7271 7302
3058 3089
6678 6709
18284 18315
17255 17286
10609 10641
14447 14478
19751 19782
18534 18565
13011 13042
18784 18815
6459 6490
22153 22185
3620 3651
7302 7333
17005 17036
407 438
22497 22528
2841 2872
2091 2122
5742 5773
8300 8331
5056 5087
1655 1686
1498 1529
5087 5118
21685 21716
23307 23338
3932 3963
7957 7988
1686 1717
10734 10765
22652 22683
2529 2560
3121 3153
19969 20001
12918 12949
6147 6178
7895 7926
8457 8488
12793 12825
14290 14321
18721 18753
6304 6335
6585 6616
10765 10796
11732 11763
21747 21778
9393 9424
13292 13323
11077 11108
2934 2965
15913 15945
345 376
11327 11358
15195 15226
19875 19906
2248 2279
18627 18658
19127 19158
14509 14540
7426 7457
14228 14259
2122 2153
19377 19408
17879 17910
17067 17098
7395 7426
14197 14228
22590 22621
19563 19594
20156 20187
5305 5337
2622 2653
18908 18939
10796 10827
6241 6273
21311 21342
20842 20873
20375 20406
1561 1593
126 157
21841 21873
4182 4213
11265 11296
9798 9829
20811 20842
15819 15850
5492 5523
33 64
4089 4120
7988 8019
21123 21154
16319 16350
20187 20218
20718 20749
18596 18627
16912 16943
20780 20811
4463 4494
17505 17536
6397 6428
3777 3808
1717 1748
12949 12980
17193 17224
3682 3713
15009 15040
9767 9798
9455 9486
21716 21747
16724 16755
6116 6147
10141 10172
1905 1936
20468 20499
14135 14166
8986 9017
5649 5680
9579 9610
13168 13199
6023 6054
10515 10546
15850 15881
10234 10265
16162 16193
10672 10703
4120 4151
12481 12513
10858 10889
11139 11170
11889 11920
18191 18222
9267 9298
3433 3465
1467 1498
11794 11825
22465 22497
8924 8955
5430 5461
13199 13230
4244 4275
5461 5492
9736 9767
21342 21373
22809 22840
750 781
15507 15538
10921 10953
8425 8457
2372 2403
3246 3277
14259 14290
20063 20094
9174 9205
13885 13916
22840 22871
15664 15695
2715 2746
9486 9517
12544 12575
22371 22402
22995 23026
250 281
7552 7583
23214 23245
4401 4432
12887 12918
969 1000
12730 12761
13604 13635
4775 4806
2185 2217
16786 16817
14104 14135
8737 8769
2434 2465
21061 21092
2746 2777
15383 15414
12699 12730
5554 5585
9361 9393
21529 21561
3308 3339
11951 11982
13323 13354
6959 6990
1312 1343
12606 12637
13417 13449
14665 14697
3215 3246
19594 19625
21873 21904
5680 5711
15757 15788
2217 2248
17629 17660
1998 2029
12294 12325
10048 10079
6647 6678
4587 4618
6428 6459
11701 11732
1031 1062
20281 20313
18253 18284
188 219
5149 5180
1093 1124
21966 21997
7676 7707
5337 5368
4993 5025
23338 23369
19720 19751
8643 8674
3465 3496
2809 2841
19282 19313
14602 14633
20656 20687
14821 14852
10017 10048
16849 16881
17941 17972
12232 12263
16600 16631
5804 5835
18565 18596
937 969
16038 16069
15601 15633
157 188
4151 4182
17972 18003
21154 21185
13137 13168
6490 6521
17036 17067
3839 3870
657 688
7707 7738
7021 7052
17348 17379
1343 1374
14571 14602
16693 16724
11545 11577
812 843
13042 13073
1936 1967
16225 16257
16755 16786
22059 22090
3589 3620
23152 23183
2903 2934
562 593
18472 18503
6273 6304
2996 3027
3527 3558
8019 8050
13480 13511
8238 8269
15321 15352
13947 13978
3027 3058
16974 17005
500 531
21249 21280
21373 21404
8488 8519
11639 11670
13666 13697
7333 7364
9548 9579
6897 6928
18034 18065
12637 12668
13978 14009
6709 6740
17660 17691
11358 11389
16007 16038
843 874
13230 13261
10360 10391
9236 9267
2497 2529
19813 19844
688 719
21404 21435
6740 6771
20937 20968
1374 1405
10297 10329
11296 11327
23183 23214
9081 9112
6054 6085
22777 22809
469 500
17536 17567
2341 2372
10110 10141
16100 16131
18846 18877
21592 21623
10203 10234
20968 20999
15040 15071
2029 2060
3153 3184
4494 4525
15226 15257
12044 12075
18815 18846
12169 12201
