          0.001       1085.5472       6554.7335
          0.002       1079.0025       6534.7335
          0.003       1072.4778       6514.7335
          0.004        1065.973       6494.7335
          0.005       1059.4883       6474.7335
          0.006       1053.0236       6454.7335
          0.007       1046.5788       6434.7335
          0.008       1040.1541       6414.7335
          0.009       1033.7494       6394.7335
           0.01       1027.3646       6374.7335
          0.011       1020.9999       6354.7335
          0.012       1014.6552        6334.734
          0.013       1008.3304       6314.7335
          0.014       1002.0257       6294.7333
          0.015       995.74095       6274.7335
          0.016       989.47622       6254.7335
          0.017       983.23149       6234.7335
          0.018       977.00675       6214.7335
          0.019       970.80202       6194.7335
           0.02       964.61729       6174.7335
          0.021       958.45255       6154.7335
          0.022       952.30782       6134.7335
          0.023       946.18308       6114.7335
          0.024       940.07835       6094.7335
          0.025       933.99362       6074.7335
          0.026       927.92888       6054.7335
          0.027       921.88415       6034.7335
          0.028       915.85942       6014.7335
          0.029       909.85468       5994.7335
           0.03       903.86995       5974.7335
          0.031       897.90522       5954.7335
          0.032       891.96048       5934.7335
          0.033       886.03575       5914.7335
          0.034       880.13102       5894.7335
          0.035       874.24628       5874.7335
          0.036       868.38155       5854.7335
          0.037       862.53682       5834.7335
          0.038       856.71208       5814.7335
          0.039       850.90735       5794.7335
           0.04       845.12261       5774.7335
          0.041       839.35788       5754.7335
          0.042       833.61315       5734.7335
          0.043       827.88841       5714.7335
          0.044       822.18368       5694.7335
          0.045       816.49895       5674.7335
          0.046       810.83421       5654.7335
          0.047       805.18948       5634.7335
          0.048       799.56475       5614.7335
          0.049       793.96001       5594.7335
           0.05       788.37528       5574.7335
          0.051       782.81055       5554.7335
          0.052       777.26581       5534.7335
          0.053       771.74108       5514.7335
          0.054       766.23635       5494.7335
          0.055       760.75161       5474.7335
          0.056       755.28688       5454.7335
          0.057       749.84215       5434.7335
          0.058       744.41741       5414.7335
          0.059       739.01268       5394.7335
           0.06       733.62794       5374.7335
          0.061       728.26321       5354.7335
          0.062       722.91848       5334.7335
          0.063       717.59374       5314.7335
          0.064       712.28901       5294.7335
          0.065       707.00428       5274.7335
          0.066       701.73954       5254.7335
          0.067       696.49481       5234.7335
          0.068       691.27008       5214.7335
          0.069       686.06534       5194.7335
           0.07       680.88061       5174.7335
          0.071       675.71588       5154.7335
          0.072       670.57114       5134.7335
          0.073       665.44641       5114.7335
          0.074       660.34168       5094.7335
          0.075       655.25694       5074.7335
          0.076       650.19221       5054.7335
          0.077       645.14747       5034.7335
          0.078       640.12274       5014.7335
          0.079       635.11801       4994.7335
           0.08       630.13327       4974.7335
          0.081       625.16854       4954.7335
          0.082       620.22381       4934.7335
          0.083       615.29907       4914.7335
          0.084       610.39434       4894.7335
          0.085       605.50961       4874.7335
          0.086       600.64487       4854.7335
          0.087       595.80014       4834.7335
          0.088       590.97541       4814.7335
          0.089       586.17067       4794.7335
           0.09       581.38594       4774.7335
          0.091       576.62121       4754.7335
          0.092       571.87647       4734.7335
          0.093       567.15174       4714.7335
          0.094         562.447       4694.7335
          0.095       557.76227       4674.7335
          0.096       553.09754       4654.7335
          0.097        548.4528       4634.7335
          0.098       543.82807       4614.7335
          0.099       539.22334       4594.7335
            0.1        534.6386       4574.7335
          0.101       530.07387       4554.7335
          0.102       525.52914       4534.7335
          0.103        521.0044       4514.7335
          0.104       516.49967       4494.7335
          0.105       512.01494       4474.7335
          0.106        507.5502       4454.7335
          0.107       503.10547       4434.7335
          0.108       498.68074       4414.7335
          0.109         494.276       4394.7335
           0.11       489.89127       4374.7335
          0.111       485.52653       4354.7335
          0.112        481.1818       4334.7335
          0.113       476.85707       4314.7335
          0.114       472.55233       4294.7335
          0.115        468.2676       4274.7335
          0.116       464.00287       4254.7335
          0.117       459.75813       4234.7335
          0.118        455.5334       4214.7335
          0.119       451.32867       4194.7335
           0.12       447.14393       4174.7335
          0.121        442.9792       4154.7335
          0.122       438.83447       4134.7335
          0.123       434.70973       4114.7335
          0.124         430.605       4094.7335
          0.125       426.52027       4074.7335
          0.126       422.45553       4054.7335
          0.127        418.4108       4034.7335
          0.128       414.38606       4014.7335
          0.129       410.38133       3994.7335
           0.13        406.3966       3974.7335
          0.131       402.43186       3954.7335
          0.132       398.48713       3934.7335
          0.133        394.5624       3914.7335
          0.134       390.65766       3894.7335
          0.135       386.77293       3874.7335
          0.136        382.9082       3854.7335
          0.137       379.06346       3834.7335
          0.138       375.23873       3814.7335
          0.139         371.434       3794.7335
           0.14       367.64926       3774.7335
          0.141       363.88453       3754.7335
          0.142        360.1398       3734.7335
          0.143       356.41506       3714.7335
          0.144       352.71033       3694.7335
          0.145       349.02559       3674.7335
          0.146       345.36086       3654.7335
          0.147       341.71613       3634.7335
          0.148       338.09139       3614.7335
          0.149       334.48666       3594.7335
           0.15       330.90193       3574.7335
          0.151       327.33719       3554.7335
          0.152       323.79246       3534.7335
          0.153       320.26773       3514.7335
          0.154       316.76299       3494.7335
          0.155       313.27826       3474.7335
          0.156       309.81353       3454.7335
          0.157       306.36879       3434.7335
          0.158       302.94406       3414.7335
          0.159       299.53933       3394.7335
           0.16       296.15459       3374.7335
          0.161       292.78986       3354.7335
          0.162       289.44512       3334.7335
          0.163       286.12039       3314.7335
          0.164       282.81566       3294.7335
          0.165       279.53092       3274.7335
          0.166       276.26619       3254.7335
          0.167       273.02146       3234.7335
          0.168       269.79672       3214.7335
          0.169       266.59199       3194.7335
           0.17       263.40726       3174.7335
          0.171       260.24252       3154.7335
          0.172       257.09779       3134.7335
          0.173       253.97306       3114.7335
          0.174       250.86832       3094.7335
          0.175       247.78359       3074.7335
          0.176       244.71886       3054.7335
          0.177       241.67412       3034.7335
          0.178       238.64939       3014.7335
          0.179       235.64465       2994.7335
           0.18       232.65992       2974.7335
          0.181       229.69519       2954.7335
          0.182       226.75045       2934.7335
          0.183       223.82572       2914.7335
          0.184       220.92099       2894.7335
          0.185       218.03625       2874.7335
          0.186       215.17152       2854.7335
          0.187       212.32679       2834.7335
          0.188       209.50205       2814.7335
          0.189       206.69732       2794.7335
           0.19       203.91259       2774.7335
          0.191       201.14785       2754.7335
          0.192       198.40312       2734.7335
          0.193       195.67839       2714.7335
          0.194       192.97365       2694.7335
          0.195       190.28892       2674.7335
          0.196       187.62418       2654.7335
          0.197       184.97945       2634.7335
          0.198       182.35472       2614.7335
          0.199       179.74998       2594.7335
            0.2       177.16525       2574.7335
          0.201       174.60052       2554.7335
          0.202       172.05578       2534.7335
          0.203       169.53105       2514.7335
          0.204       167.02632       2494.7335
          0.205       164.54158       2474.7335
          0.206       162.07685       2454.7335
          0.207       159.63212       2434.7335
          0.208       157.20738       2414.7335
          0.209       154.80265       2394.7335
           0.21       152.41792       2374.7335
          0.211       150.05318       2354.7335
          0.212       147.70845       2334.7335
          0.213       145.38371       2314.7335
          0.214       143.07898       2294.7335
          0.215       140.79425       2274.7335
          0.216       138.52951       2254.7335
          0.217       136.28478       2234.7335
          0.218       134.06005       2214.7335
          0.219       131.85531       2194.7335
           0.22       129.67058       2174.7335
          0.221       127.50585       2154.7335
          0.222       125.36111       2134.7335
          0.223       123.23638       2114.7335
          0.224       121.13165       2094.7335
          0.225       119.04691       2074.7335
          0.226       116.98218       2054.7335
          0.227       114.93745       2034.7335
          0.228       112.91271       2014.7335
          0.229       110.90798       1994.7335
           0.23       108.92324       1974.7335
          0.231       106.95851       1954.7335
          0.232       105.01378       1934.7335
          0.233       103.08904       1914.7335
          0.234       101.18431       1894.7335
          0.235       99.299577       1874.7335
          0.236       97.434844       1854.7335
          0.237        95.59011       1834.7335
          0.238       93.765377       1814.7335
          0.239       91.960643       1794.7335
           0.24        90.17591       1774.7335
          0.241       88.411176       1754.7335
          0.242       86.666443       1734.7335
          0.243       84.941709       1714.7335
          0.244       83.236976       1694.7335
          0.245       81.552242       1674.7335
          0.246       79.887509       1654.7335
          0.247       78.242775       1634.7335
          0.248       76.618041       1614.7335
          0.249       75.013308       1594.7335
           0.25       73.428574       1574.7335
          0.251       71.863841       1554.7335
          0.252       70.319107       1534.7335
          0.253       68.794374       1514.7335
          0.254        67.28964       1494.7335
          0.255       65.804907       1474.7335
          0.256       64.340173       1454.7335
          0.257        62.89544       1434.7335
          0.258       61.470706       1414.7335
          0.259       60.065973       1394.7335
           0.26       58.681239       1374.7335
          0.261       57.316506       1354.7335
          0.262       55.971772       1334.7335
          0.263       54.647039       1314.7335
          0.264       53.342305       1294.7335
          0.265       52.057572       1274.7335
          0.266       50.792838       1254.7335
          0.267       49.548104       1234.7335
          0.268       48.323371       1214.7335
          0.269       47.118637       1194.7335
           0.27       45.933904       1174.7335
          0.271        44.76917       1154.7335
          0.272       43.624437       1134.7335
          0.273       42.499703       1114.7335
          0.274        41.39497       1094.7335
          0.275       40.310236       1074.7335
          0.276       39.245503       1054.7335
          0.277       38.200769       1034.7335
          0.278       37.176036       1014.7335
          0.279       36.171302       994.73352
           0.28       35.186569       974.73353
          0.281       34.221835       954.73352
          0.282       33.277102       934.73352
          0.283       32.352368       914.73353
          0.284       31.447634       894.73352
          0.285       30.562901       874.73352
          0.286       29.698167       854.73353
          0.287       28.853434       834.73352
          0.288         28.0287       814.73352
          0.289       27.223967       745.92193
           0.29       26.536857       735.69987
          0.291       25.752567       848.54512
          0.292       24.839766       951.39675
          0.293       23.849774       955.53512
          0.294       22.928696       886.78622
          0.295       22.076201       834.35981
          0.296       21.259976       792.31151
          0.297       20.491578       753.23103
          0.298       19.753514       719.75064
          0.299       19.052077       684.78179
            0.3       18.383951       656.10825
          0.301        17.73986       632.20769
          0.302       17.119535       610.38294
          0.303       16.519095       584.63146
          0.304       15.950273       550.67707
          0.305        15.41774       520.92306
          0.306       14.908426       499.34653
          0.307       14.419047        483.5788
          0.308       13.941269       472.25286
          0.309       13.474542       459.76713
           0.31       13.021735       444.84764
          0.311       12.584846       428.59278
          0.312       12.164549        410.3269
          0.313       11.764193       388.48944
          0.314        11.38757       364.68095
          0.315       11.034831       345.34643
          0.316       10.696877       329.02044
          0.317        10.37679       313.15355
          0.318        10.07057       304.22611
          0.319       9.7683375       300.25751
           0.32       9.4700551       296.43806
          0.321       9.1754614       292.02396
          0.322       8.8860072       284.17898
          0.323       8.6071034        269.7633
          0.324       8.3464806       252.61409
          0.325       8.1018752       238.92354
          0.326       7.8686335        228.2189
          0.327       7.6454375       218.67794
          0.328       7.4312776       211.87843
          0.329       7.2216806       206.43471
           0.33       7.0184082       200.08021
          0.331       6.8215202       194.45819
          0.332       6.6294919       189.64933
          0.333       6.4422215       184.34561
          0.334       6.2608006       178.08606
          0.335       6.0860494       171.06198
          0.336       5.9186767       163.09904
          0.337       5.7598513       153.99876
          0.338       5.6106792       146.33403
          0.339       5.4671832        141.5214
           0.34       5.3276364       137.82693
          0.341       5.1915294        134.9487
          0.342        5.057739       132.36441
          0.343       4.9268006       128.87976
          0.344       4.7999794       124.08613
          0.345       4.6786283       118.21587
          0.346       4.5635477       112.33492
          0.347       4.4539585       107.03494
          0.348       4.3494778       102.71712
          0.349       4.2485242       100.00309
           0.35       4.1494717       98.069028
          0.351       4.0523862       96.050967
          0.352       3.9573697       93.723153
          0.353       3.8649399       90.703357
          0.354        3.775963       86.380186
          0.355       3.6921795       80.436963
          0.356       3.6150891        75.40255
          0.357       3.5413744       73.064498
          0.358       3.4689601       71.924632
          0.359       3.3975251       71.220652
           0.36       3.3265188       70.701414
          0.361       3.2561223       69.902805
          0.362       3.1867132        68.13182
          0.363       3.1198586       64.787808
          0.364       3.0571376       61.511912
          0.365       2.9968348       59.626121
          0.366       2.9378853       58.711522
          0.367       2.8794118       58.419347
          0.368       2.8210466       58.146639
          0.369       2.7631185       57.824753
           0.37       2.7053971       57.721949
          0.371       2.6476746       57.760637
          0.372       2.5898758       57.840034
          0.373       2.5319945       57.925784
          0.374       2.4740243       58.511989
          0.375       2.4149706       59.268414
          0.376       2.3554874       58.978122
          0.377       2.2970143         57.9452
          0.378        2.239597       56.792173
          0.379         2.18343        55.62082
           0.38       2.1283554       54.779879
          0.381       2.0738702       54.240237
          0.382       2.0198749       53.641886
          0.383       1.9665864       53.543571
          0.384       1.9127878       54.421399
          0.385       1.8577436       55.198245
          0.386       1.8023913       55.384792
          0.387       1.7469741       55.530199
          0.388       1.6913309       55.614986
          0.389       1.6357441       55.071374
           0.39       1.5811881       53.413285
          0.391       1.5289175       51.704077
          0.392         1.47778       51.035899
          0.393       1.4268457       50.659661
          0.394       1.3764607       49.898752
          0.395       1.3270482       49.302663
          0.396       1.2778553       49.164414
          0.397       1.2287194       49.106693
          0.398        1.179642       49.066927
          0.399       1.1305855        49.10224
            0.4       1.0814375       49.447952
          0.401       1.0316896       49.701566
          0.402      0.98203435       49.166645
          0.403      0.93335634       48.219683
          0.404      0.88559498       47.541946
          0.405      0.83827244       47.205697
          0.406      0.79118359       46.953446
          0.407      0.74436555       46.657289
          0.408      0.69786901       46.235368
          0.409      0.65189482       45.710974
           0.41      0.60644706       45.023821
          0.411      0.56184717       44.184466
          0.412      0.51807813       43.563119
          0.413      0.47472094       42.939449
          0.414      0.43219923       42.079253
          0.415      0.39056243       40.941022
          0.416      0.35031718       39.215045
          0.417      0.31213234       37.454017
          0.418      0.27540915       35.805131
          0.419      0.24052208        34.02352
           0.42      0.20736211       32.376202
          0.421      0.17576967       30.479496
          0.422      0.14640312       28.316495
          0.423      0.11913668       25.893243
          0.424     0.094616631       23.057022
          0.425     0.073022639       20.305555
          0.426     0.054005521       17.576362
          0.427     0.037869916       14.833294
          0.428     0.024338934       12.217751
          0.429     0.013434414        9.371586
           0.43     0.005595762       6.2317635
          0.431    0.0009708866        2.797881
          0.432               0     -0.60005975
          0.433    0.0021710061      -3.6042299
          0.434    0.0072084597      -6.7192684
          0.435     0.015609543      -9.9254196
          0.436     0.027059299      -13.522859
          0.437      0.04265526      -17.971816
          0.438      0.06300293       -22.76927
          0.439       0.0881938      -27.777075
           0.44      0.11855708      -32.705215
          0.441      0.15360423       -37.04262
          0.442      0.19264232      -40.967673
          0.443      0.23553958       -44.95176
          0.444      0.28254584      -49.117347
          0.445      0.33377427      -53.151263
          0.446      0.38884836      -57.099201
          0.447      0.44797267      -61.555506
          0.448      0.51195938      -66.418679
          0.449      0.58081003       -71.76507
           0.45      0.65548952      -77.392043
          0.451      0.73559412      -82.569746
          0.452      0.82062901      -87.755832
          0.453      0.91110578       -92.94626
          0.454       1.0065215      -98.271431
          0.455       1.1076486      -104.46328
          0.456       1.2154481      -111.37554
          0.457       1.3303997      -118.67257
          0.458       1.4527932      -125.41082
          0.459       1.5812214      -131.24742
           0.46       1.7152881      -137.09922
          0.461       1.8554198      -143.04487
          0.462       2.0013778      -150.34432
          0.463       2.1561085      -159.11386
          0.464       2.3196056      -168.15417
          0.465       2.4924168       -178.4224
          0.466       2.6764504      -188.93285
          0.467       2.8702825      -198.70934
          0.468        3.073869      -208.50547
          0.469       3.2872934      -218.31733
           0.47       3.5105037      -228.34513
          0.471       3.7439837       -238.2022
          0.472       3.9869081      -248.19278
          0.473       4.2403693       -259.1586
          0.474       4.5052253      -270.41665
          0.475       4.7812026      -282.66655
          0.476       5.0705584      -295.78123
          0.477        5.372765      -308.63874
          0.478       5.6878359      -321.73555
          0.479       6.0162361      -334.47632
           0.48       6.3567885      -347.19741
          0.481        6.710631      -360.69511
          0.482       7.0781787       -374.6762
          0.483       7.4599834      -389.64281
          0.484       7.8574644      -404.89578
          0.485       8.2697749      -420.02126
          0.486       8.6975069      -435.01414
          0.487       9.1398032      -449.08587
          0.488       9.5956786      -464.12738
          0.489       10.068058      -479.98425
           0.49       10.555647      -496.76099
          0.491        11.06158      -516.88597
          0.492       11.589419      -538.24987
          0.493        12.13808      -560.79512
          0.494       12.711009      -583.59358
          0.495       13.305267      -603.83332
          0.496       13.918676      -624.79368
          0.497       14.554854      -648.56453
          0.498       15.215805      -674.17948
          0.499       15.903213      -700.72516
            0.5       16.617255      -726.99209
          0.501       17.357197      -750.51971
          0.502       18.118295      -768.70143
          0.503         18.8946      -783.52287
          0.504       19.685341       -804.0802
          0.505       20.502761      -837.90352
          0.506       21.361148       -880.1593
          0.507       22.263079      -914.98934
          0.508       23.191126      -937.13052
          0.509        24.13734      -955.39593
           0.51       25.101918      -969.28401
          0.511       26.075908      -996.29458
          0.512       27.094507      -1046.2256
          0.513       28.168359      -1129.9142
          0.514       29.354336      -1296.4985
          0.515       30.761356       -1488.379
          0.516       32.331094      -1629.3363
          0.517       34.020029      -1732.5834
          0.518       35.796261      -1821.9162
          0.519       37.663861      -1937.6514
           0.52       39.671563      -1966.1149
          0.521       41.596091      -1782.6168
          0.522       43.236797      -1511.7244
          0.523        44.61954      -1521.0343
          0.524       46.278866      -1669.3256
          0.525       47.958191      -1689.3256
          0.526       49.657517      -1709.3256
          0.527       51.376842      -1729.3256
          0.528       53.116168      -1749.3256
          0.529       54.875493      -1769.3256
           0.53       56.654819      -1789.3256
          0.531       58.454145      -1809.3256
          0.532        60.27347      -1829.3256
          0.533       62.112796      -1849.3256
          0.534       63.972121      -1869.3256
          0.535       65.851447      -1889.3256
          0.536       67.750772      -1909.3256
          0.537       69.670098      -1929.3256
          0.538       71.609424      -1949.3256
          0.539       73.568749      -1969.3256
           0.54       75.548075      -1989.3256
          0.541         77.5474      -2009.3256
          0.542       79.566726      -2029.3256
          0.543       81.606052      -2049.3256
          0.544       83.665377      -2069.3256
          0.545       85.744703      -2089.3256
          0.546       87.844028      -2109.3256
          0.547       89.963354      -2129.3256
          0.548       92.102679      -2149.3256
          0.549       94.262005      -2169.3256
           0.55       96.441331      -2189.3256
          0.551       98.640656      -2209.3256
          0.552       100.85998      -2229.3256
          0.553       103.09931      -2249.3256
          0.554       105.35863      -2269.3256
          0.555       107.63796      -2289.3256
          0.556       109.93728      -2309.3256
          0.557       112.25661      -2329.3256
          0.558       114.59594      -2349.3256
          0.559       116.95526      -2369.3256
           0.56       119.33459      -2389.3256
          0.561       121.73391      -2409.3256
          0.562       124.15324      -2429.3256
          0.563       126.59256      -2449.3256
          0.564       129.05189      -2469.3256
          0.565       131.53121      -2489.3256
          0.566       134.03054      -2509.3256
          0.567       136.54987      -2529.3256
          0.568       139.08919      -2549.3256
          0.569       141.64852      -2569.3256
           0.57       144.22784      -2589.3256
          0.571       146.82717      -2609.3256
          0.572       149.44649      -2629.3256
          0.573       152.08582      -2649.3256
          0.574       154.74514      -2669.3256
          0.575       157.42447      -2689.3256
          0.576        160.1238      -2709.3256
          0.577       162.84312      -2729.3256
          0.578       165.58245      -2749.3256
          0.579       168.34177      -2769.3256
           0.58        171.1211      -2789.3256
          0.581       173.92042      -2809.3256
          0.582       176.73975      -2829.3256
          0.583       179.57907      -2849.3256
          0.584        182.4384      -2869.3256
          0.585       185.31773      -2889.3256
          0.586       188.21705      -2909.3256
          0.587       191.13638      -2929.3256
          0.588        194.0757      -2949.3256
          0.589       197.03503      -2969.3256
           0.59       200.01435      -2989.3256
          0.591       203.01368      -3009.3256
          0.592         206.033      -3029.3256
          0.593       209.07233      -3049.3256
          0.594       212.13166      -3069.3256
          0.595       215.21098      -3089.3256
          0.596       218.31031      -3109.3256
          0.597       221.42963      -3129.3256
          0.598       224.56896      -3149.3256
          0.599       227.72828      -3169.3256
            0.6       230.90761      -3189.3256
          0.601       234.10693      -3209.3256
          0.602       237.32626      -3229.3256
          0.603       240.56559      -3249.3256
          0.604       243.82491      -3269.3256
          0.605       247.10424      -3289.3256
          0.606       250.40356      -3309.3256
          0.607       253.72289      -3329.3256
          0.608       257.06221      -3349.3256
          0.609       260.42154      -3369.3256
           0.61       263.80086      -3389.3256
          0.611       267.20019      -3409.3256
          0.612       270.61952      -3429.3256
          0.613       274.05884      -3449.3256
          0.614       277.51817      -3469.3256
          0.615       280.99749      -3489.3256
          0.616       284.49682      -3509.3256
          0.617       288.01614      -3529.3256
          0.618       291.55547      -3549.3256
          0.619        295.1148      -3569.3256
           0.62       298.69412      -3589.3256
          0.621       302.29345      -3609.3256
          0.622       305.91277      -3629.3256
          0.623        309.5521      -3649.3256
          0.624       313.21142      -3669.3256
          0.625       316.89075      -3689.3256
          0.626       320.59007      -3709.3256
          0.627        324.3094      -3729.3256
          0.628       328.04873      -3749.3256
          0.629       331.80805      -3769.3256
           0.63       335.58738      -3789.3256
          0.631        339.3867      -3809.3256
          0.632       343.20603      -3829.3256
          0.633       347.04535      -3849.3256
          0.634       350.90468      -3869.3256
          0.635         354.784      -3889.3256
          0.636       358.68333      -3909.3256
          0.637       362.60266      -3929.3256
          0.638       366.54198      -3949.3256
          0.639       370.50131      -3969.3256
           0.64       374.48063      -3989.3256
          0.641       378.47996      -4009.3256
          0.642       382.49928      -4029.3256
          0.643       386.53861      -4049.3256
          0.644       390.59793      -4069.3256
          0.645       394.67726      -4089.3256
          0.646       398.77659      -4109.3256
          0.647       402.89591      -4129.3255
          0.648       407.03524      -4149.3255
          0.649       411.19456      -4169.3256
           0.65       415.37389      -4189.3256
          0.651       419.57321      -4209.3255
          0.652       423.79254      -4229.3255
          0.653       428.03186      -4249.3256
          0.654       432.29119      -4269.3256
          0.655       436.57052      -4289.3255
          0.656       440.86984      -4309.3255
          0.657       445.18917      -4329.3256
          0.658       449.52849      -4349.3256
          0.659       453.88782      -4369.3255
           0.66       458.26714      -4389.3255
          0.661       462.66647      -4409.3256
          0.662       467.08579      -4429.3255
          0.663       471.52512      -4449.3255
          0.664       475.98445      -4469.3256
          0.665       480.46377      -4489.3256
          0.666        484.9631      -4509.3255
          0.667       489.48242      -4529.3255
          0.668       494.02175      -4549.3256
          0.669       498.58107      -4569.3256
           0.67        503.1604      -4589.3255
          0.671       507.75972      -4609.3255
          0.672       512.37905      -4629.3256
          0.673       517.01838      -4649.3256
          0.674        521.6777      -4669.3255
          0.675       526.35703      -4689.3255
          0.676       531.05635      -4709.3256
          0.677       535.77568      -4729.3255
          0.678         540.515      -4749.3255
          0.679       545.27433      -4769.3256
           0.68       550.05366      -4789.3256
          0.681       554.85298      -4809.3255
          0.682       559.67231      -4829.3255
          0.683       564.51163      -4849.3256
          0.684       569.37096      -4869.3256
          0.685       574.25028      -4889.3255
          0.686       579.14961      -4909.3255
          0.687       584.06893      -4929.3256
          0.688       589.00826      -4949.3256
          0.689       593.96759      -4969.3255
           0.69       598.94691      -4989.3255
          0.691       603.94624      -5009.3256
          0.692       608.96556      -5029.3255
          0.693       614.00489      -5049.3255
          0.694       619.06421      -5069.3256
          0.695       624.14354      -5089.3256
          0.696       629.24286      -5109.3255
          0.697       634.36219      -5129.3255
          0.698       639.50152      -5149.3256
          0.699       644.66084      -5169.3256
            0.7       649.84017      -5189.3255
          0.701       655.03949      -5209.3255
          0.702       660.25882      -5229.3256
          0.703       665.49814      -5249.3256
          0.704       670.75747      -5269.3255
          0.705       676.03679      -5289.3255
          0.706       681.33612      -5309.3256
          0.707       686.65545      -5329.3255
          0.708       691.99477      -5349.3255
          0.709        697.3541      -5369.3256
           0.71       702.73342      -5389.3256
          0.711       708.13275      -5409.3255
          0.712       713.55207      -5429.3255
          0.713        718.9914      -5449.3256
          0.714       724.45072      -5469.3256
          0.715       729.93005      -5489.3255
          0.716       735.42938      -5509.3255
          0.717        740.9487      -5529.3256
          0.718       746.48803      -5549.3256
          0.719       752.04735      -5569.3255
           0.72       757.62668      -5589.3255
          0.721         763.226      -5609.3256
          0.722       768.84533      -5629.3255
          0.723       774.48465      -5649.3255
          0.724       780.14398      -5669.3256
          0.725       785.82331      -5689.3256
          0.726       791.52263      -5709.3255
          0.727       797.24196      -5729.3255
          0.728       802.98128      -5749.3256
          0.729       808.74061      -5769.3256
           0.73       814.51993      -5789.3255
          0.731       820.31926      -5809.3255
          0.732       826.13858      -5829.3256
          0.733       831.97791      -5849.3256
          0.734       837.83724      -5869.3255
          0.735       843.71656      -5889.3255
          0.736       849.61589      -5909.3256
          0.737       855.53521      -5929.3255
          0.738       861.47454      -5949.3255
          0.739       867.43386      -5969.3256
           0.74       873.41319      -5989.3256
          0.741       879.41252      -6009.3255
          0.742       885.43184      -6029.3255
          0.743       891.47117      -6049.3256
          0.744       897.53049      -6069.3256
          0.745       903.60982      -6089.3255
          0.746       909.70914      -6109.3255
          0.747       915.82847      -6129.3256
          0.748       921.96779      -6149.3256
          0.749       928.12712      -6169.3255
           0.75       934.30645      -6189.3255
          0.751       940.50577      -6209.3256
          0.752        946.7251      -6229.3255
          0.753       952.96442      -6249.3255
          0.754       959.22375      -6269.3256
          0.755       965.50307      -6289.3256
          0.756        971.8024      -6309.3255
          0.757       978.12172      -6329.3255
          0.758       984.46105      -6349.3256
          0.759       990.82038      -6369.3256
           0.76        997.1997      -6389.3257
          0.761        1003.599      -6409.3254
          0.762       1010.0184      -6429.3255
          0.763       1016.4577      -6449.3255
          0.764        1022.917      -6469.3255
          0.765       1029.3963       -6489.326
          0.766       1035.8957      -6509.3255
          0.767        1042.415      -6529.3255
          0.768       1048.9543      -6549.3255
          0.769       1055.5136      -6569.3255
           0.77        1062.093      -6589.3255
          0.771       1068.6923      -6609.3255
          0.772       1075.3116       -6629.326
          0.773       1081.9509      -6649.3255
          0.774       1088.6103      -6669.3255
          0.775       1095.2896      -6689.3255
          0.776       1101.9889      -6709.3255
          0.777       1108.7082      -6729.3255
          0.778       1115.4476      -6749.3255
          0.779       1122.2069       -6769.326
           0.78       1128.9862      -6789.3255
          0.781       1135.7855      -6809.3255
          0.782       1142.6049      -6829.3255
          0.783       1149.4442      -6849.3255
          0.784       1156.3035      -6869.3255
          0.785       1163.1828      -6889.3255
          0.786       1170.0822       -6909.326
          0.787       1177.0015      -6929.3255
          0.788       1183.9408      -6949.3255
          0.789       1190.9001      -6969.3255
           0.79       1197.8795      -6989.3255
          0.791       1204.8788       -7009.326
          0.792       1211.8981      -7029.3255
          0.793       1218.9374      -7049.3255
          0.794       1225.9968      -7069.3255
          0.795       1233.0761      -7089.3255
          0.796       1240.1754      -7109.3255
          0.797       1247.2947      -7129.3255
          0.798       1254.4341       -7149.326
          0.799       1261.5934      -7169.3255
            0.8       1268.7727      -7189.3255
          0.801        1275.972      -7209.3255
          0.802       1283.1914      -7229.3255
          0.803       1290.4307      -7249.3255
          0.804         1297.69      -7269.3255
          0.805       1304.9694       -7289.326
          0.806       1312.2687      -7309.3255
          0.807        1319.588      -7329.3255
          0.808       1326.9273      -7349.3255
          0.809       1334.2867      -7369.3255
           0.81        1341.666      -7389.3255
          0.811       1349.0653      -7409.3255
          0.812       1356.4846       -7429.326
          0.813        1363.924      -7449.3255
          0.814       1371.3833      -7469.3255
          0.815       1378.8626      -7489.3255
          0.816       1386.3619      -7509.3255
          0.817       1393.8813      -7529.3255
          0.818       1401.4206      -7549.3255
          0.819       1408.9799       -7569.326
           0.82       1416.5592      -7589.3255
          0.821       1424.1586      -7609.3255
          0.822       1431.7779      -7629.3255
          0.823       1439.4172      -7649.3255
          0.824       1447.0765      -7669.3255
          0.825       1454.7559      -7689.3255
          0.826       1462.4552       -7709.326
          0.827       1470.1745      -7729.3255
          0.828       1477.9138      -7749.3255
          0.829       1485.6732      -7769.3255
           0.83       1493.4525      -7789.3255
          0.831       1501.2518      -7809.3255
          0.832       1509.0711      -7829.3255
          0.833       1516.9105       -7849.326
          0.834       1524.7698      -7869.3255
          0.835       1532.6491      -7889.3255
          0.836       1540.5484      -7909.3255
          0.837       1548.4678      -7929.3255
          0.838       1556.4071      -7949.3255
          0.839       1564.3664      -7969.3255
           0.84       1572.3457       -7989.326
          0.841       1580.3451      -8009.3255
          0.842       1588.3644      -8029.3255
          0.843       1596.4037      -8049.3255
          0.844        1604.463      -8069.3255
          0.845       1612.5424      -8089.3255
          0.846       1620.6417      -8109.3255
          0.847        1628.761       -8129.326
          0.848       1636.9004      -8149.3255
          0.849       1645.0597      -8169.3255
           0.85        1653.239      -8189.3255
          0.851       1661.4383      -8209.3255
          0.852       1669.6577      -8229.3255
          0.853        1677.897      -8249.3255
          0.854       1686.1563       -8269.326
          0.855       1694.4356      -8289.3255
          0.856        1702.735      -8309.3255
          0.857       1711.0543      -8329.3255
          0.858       1719.3936      -8349.3255
          0.859       1727.7529      -8369.3255
           0.86       1736.1323      -8389.3255
          0.861       1744.5316       -8409.326
          0.862       1752.9509      -8429.3255
          0.863       1761.3902      -8449.3255
          0.864       1769.8496      -8469.3255
          0.865       1778.3289      -8489.3255
          0.866       1786.8282       -8509.326
          0.867       1795.3475      -8529.3255
          0.868       1803.8869      -8549.3255
          0.869       1812.4462      -8569.3255
           0.87       1821.0255      -8589.3255
          0.871       1829.6248      -8609.3255
          0.872       1838.2442      -8629.3255
          0.873       1846.8835       -8649.326
          0.874       1855.5428      -8669.3255
          0.875       1864.2221      -8689.3255
          0.876       1872.9215      -8709.3255
          0.877       1881.6408      -8729.3255
          0.878       1890.3801      -8749.3255
          0.879       1899.1394      -8769.3255
           0.88       1907.9188       -8789.326
          0.881       1916.7181      -8809.3255
          0.882       1925.5374      -8829.3255
          0.883       1934.3767      -8849.3255
          0.884       1943.2361      -8869.3255
          0.885       1952.1154      -8889.3255
          0.886       1961.0147      -8909.3255
          0.887        1969.934       -8929.326
          0.888       1978.8734      -8949.3255
          0.889       1987.8327      -8969.3255
           0.89        1996.812      -8989.3255
          0.891       2005.8114      -9009.3255
          0.892       2014.8307      -9029.3255
          0.893         2023.87      -9049.3255
          0.894       2032.9293       -9069.326
          0.895       2042.0087      -9089.3255
          0.896        2051.108      -9109.3255
          0.897       2060.2273      -9129.3255
          0.898       2069.3666      -9149.3255
          0.899        2078.526      -9169.3255
            0.9       2087.7053      -9189.3255
          0.901       2096.9046       -9209.326
          0.902       2106.1239      -9229.3255
          0.903       2115.3633      -9249.3255
          0.904       2124.6226      -9269.3255
          0.905       2133.9019      -9289.3255
          0.906       2143.2012      -9309.3255
          0.907       2152.5206      -9329.3255
          0.908       2161.8599       -9349.326
          0.909       2171.2192      -9369.3255
           0.91       2180.5985      -9389.3255
          0.911       2189.9979      -9409.3255
          0.912       2199.4172      -9429.3255
          0.913       2208.8565      -9449.3255
          0.914       2218.3158      -9469.3255
          0.915       2227.7952       -9489.326
          0.916       2237.2945      -9509.3255
          0.917       2246.8138      -9529.3255
          0.918       2256.3531      -9549.3255
          0.919       2265.9125      -9569.3255
           0.92       2275.4918      -9589.3255
          0.921       2285.0911      -9609.3255
          0.922       2294.7104       -9629.326
          0.923       2304.3498      -9649.3255
          0.924       2314.0091      -9669.3255
          0.925       2323.6884      -9689.3255
          0.926       2333.3877      -9709.3255
          0.927       2343.1071      -9729.3255
          0.928       2352.8464      -9749.3255
          0.929       2362.6057       -9769.326
           0.93        2372.385      -9789.3255
          0.931       2382.1844      -9809.3255
          0.932       2392.0037      -9829.3255
          0.933        2401.843      -9849.3255
          0.934       2411.7024      -9869.3255
          0.935       2421.5817      -9889.3255
          0.936        2431.481       -9909.326
          0.937       2441.4003      -9929.3255
          0.938       2451.3397      -9949.3255
          0.939        2461.299      -9969.3255
           0.94       2471.2783      -9989.3255
          0.941       2481.2776      -10009.326
          0.942        2491.297      -10029.326
          0.943       2501.3363      -10049.326
          0.944       2511.3956      -10069.326
          0.945       2521.4749      -10089.326
          0.946       2531.5743      -10109.326
          0.947       2541.6936      -10129.326
          0.948       2551.8329      -10149.326
          0.949       2561.9922      -10169.326
           0.95       2572.1716      -10189.326
          0.951       2582.3709      -10209.326
          0.952       2592.5902      -10229.326
          0.953       2602.8295      -10249.326
          0.954       2613.0889      -10269.326
          0.955       2623.3682      -10289.326
          0.956       2633.6675      -10309.326
          0.957       2643.9868      -10329.326
          0.958       2654.3262      -10349.326
          0.959       2664.6855      -10369.326
           0.96       2675.0648      -10389.326
          0.961       2685.4641      -10409.326
          0.962       2695.8835      -10429.326
          0.963       2706.3228      -10449.326
          0.964       2716.7821      -10469.326
          0.965       2727.2614      -10489.326
          0.966       2737.7608      -10509.326
          0.967       2748.2801      -10529.326
          0.968       2758.8194      -10549.326
          0.969       2769.3787      -10569.326
           0.97       2779.9581      -10589.326
          0.971       2790.5574      -10609.326
          0.972       2801.1767      -10629.326
          0.973        2811.816      -10649.326
          0.974       2822.4754      -10669.326
          0.975       2833.1547      -10689.326
          0.976        2843.854      -10709.326
          0.977       2854.5734      -10729.326
          0.978       2865.3127      -10749.326
          0.979        2876.072      -10769.326
           0.98       2886.8513      -10789.326
          0.981       2897.6507      -10809.326
          0.982         2908.47      -10829.326
          0.983       2919.3093      -10849.326
          0.984       2930.1686      -10869.326
          0.985        2941.048      -10889.326
          0.986       2951.9473      -10909.326
          0.987       2962.8666      -10929.326
          0.988       2973.8059      -10949.326
          0.989       2984.7653      -10969.326
           0.99       2995.7446      -10989.326
          0.991       3006.7439      -11009.326
          0.992       3017.7632      -11029.326
          0.993       3028.8026      -11049.326
          0.994       3039.8619      -11069.326
          0.995       3050.9412      -11089.326
          0.996       3062.0405      -11109.326
          0.997       3073.1599      -11129.326
          0.998       3084.2992      -11149.326
          0.999       3095.4585      -11169.326
              1       3106.6378               0
