1.53099 1.00079
1.54014 3.00141
1.54928 3.00069
1.55843 3.00023
1.56758 9.00005
1.57672 27.0005
1.58587 37.0042
1.59502 70.0205
1.60416 119.066
1.61331 168.152
1.62246 267.357
1.6316 468.867
1.64075 747.829
1.6499 1148.59
1.65904 1777.92
1.66819 2689.75
1.67734 4052.98
1.68648 5957.82
1.69563 8912.35
1.70478 12908.7
1.71392 18158.7
1.72307 25978.6
1.73222 35973.7
1.74136 50157.8
1.75051 68140.4
1.75966 91631.3
1.7688 122342
1.77795 160235
1.7871 208315
1.79624 268866
1.80539 340321
1.81454 428685
1.82368 530079
1.83283 647576
1.84198 786976
1.85112 941318
1.86027 1.11461e+06
1.86942 1.30492e+06
1.87856 1.50902e+06
1.88771 1.72522e+06
1.89685 1.95108e+06
1.906 2.17721e+06
1.91515 2.40587e+06
1.92429 2.6297e+06
1.93344 2.8363e+06
1.94259 3.02237e+06
1.95173 3.19015e+06
1.96088 3.32993e+06
1.97003 3.42314e+06
1.97917 3.48934e+06
1.98832 3.51183e+06
1.99747 3.49281e+06
2.00661 3.42937e+06
2.01576 3.32886e+06
2.02491 3.19781e+06
2.03405 3.02876e+06
2.0432 2.83656e+06
2.05235 2.62291e+06
2.06149 2.39813e+06
2.07064 2.1654e+06
2.07979 1.92735e+06
2.08893 1.69536e+06
2.09808 1.47228e+06
2.10723 1.26593e+06
2.11637 1.0729e+06
2.12552 897539
2.13467 742517
2.14381 605347
2.15296 485483
2.16211 388188
2.17125 303529
2.1804 234249
2.18955 179775
2.19869 135762
2.20784 100724
2.21699 73953.2
2.22613 53986.8
2.23528 38518.4
2.24443 27167.4
2.25357 18951.5
2.26272 13023
2.27187 8765.27
2.28101 6049.69
2.29016 3879.16
2.29931 2539.65
2.30845 1610.71
2.3176 1094.21
2.32675 636.321
2.33589 413.134
2.34504 236.38
2.35419 141.138
2.36333 86.8895
2.37248 51.7615
2.38163 39.1931
2.39077 13.1919
2.39992 7.40168
2.40907 2.99065
2.41821 6.04301
2.42736 1.52663
2.43651 3.08594
2.44565 3.1196
