0.325365 19.4856 86.578
0.335308 18.6247 -14.8759
0.345251 19.7814 108.529
0.355194 16.4666 220.644
0.365137 15.3937 134.12
0.37508 13.7995 107.244
0.385023 13.2611 107.588
0.394965 11.66 135.718
0.404908 10.5622 83.485
0.414851 9.99987 63.6665
0.424794 9.2962 79.3879
0.434737 8.42119 61.3982
0.44468 8.07525 46.8803
0.454623 7.48894 37.4255
0.464565 7.33102 22.3606
0.474508 7.04428 26.7858
0.484451 6.79836 14.0605
0.494394 6.76468 1.7197
0.504337 6.76416 4.16115
0.51428 6.68193 9.94705
0.524223 6.56636 1.236
0.534165 6.65736 -9.06519
0.544108 6.74663 2.96906
0.554051 6.59831 6.63608
0.563994 6.61466 -2.1347
0.573937 6.64076 6.2775
0.58388 6.48983 -1.40058
0.593822 6.66862 -3.20353
0.603765 6.55354 8.61999
0.613708 6.4972 4.911
0.623651 6.45588 3.58537
0.633594 6.4259 8.76805
0.643537 6.28152 10.7476
0.65348 6.21218 14.6781
0.663422 5.98963 18.1518
0.673365 5.85122 21.0415
0.683308 5.57121 25.9622
0.693251 5.33494 23.54
0.703194 5.1031 20.1261
0.713137 4.93472 20.2953
0.72308 4.69951 28.6095
0.733022 4.3658 26.7107
0.742965 4.16835 14.7181
0.752908 4.07312 15.9733
0.762851 3.85071 19.1893
0.772794 3.69153 15.7038
0.782737 3.53843 15.6943
0.79268 3.37944 15.6799
0.802622 3.22663 16.4533
0.812565 3.05225 13.7868
0.822508 2.95247 14.3048
0.832451 2.76779 13.6212
0.842394 2.6816 12.1465
0.852337 2.52625 15.4353
0.86228 2.37466 15.393
0.872222 2.22015 13.0862
0.882165 2.11443 11.9376
0.892108 1.98276 15.0633
0.902051 1.81488 12.4525
0.911994 1.73513 14.8303
0.921937 1.51997 16.3685
0.93188 1.40963 12.3559
0.941822 1.27427 14.0939
0.951765 1.12937 13.3531
0.961708 1.00873 12.5591
0.971651 0.879621 12.1231
0.981594 0.767652 10.283
0.991537 0.675137 11.873
1.00148 0.531548 12.4337
1.01142 0.427884 8.27178
1.02137 0.367058 7.89527
1.03131 0.270881 8.09668
1.04125 0.20605 6.99514
1.05119 0.131778 5.88364
1.06114 0.0890493 3.89114
1.07108 0.0543995 4.47805
1.08102 0 1.87976
1.09097 0.0170191 -2.80733
1.10091 0.0558257 -3.39522
1.11085 0.0845354 -5.10519
1.12079 0.157346 -9.21747
1.13074 0.267831 -13.6922
1.14068 0.429624 -18.9069
1.15062 0.643808 -24.7386
1.16057 0.921568 -31.6
1.17051 1.2722 -37.3144
1.18045 1.66359 -40.6755
1.19039 2.08106 -46.7931
1.20034 2.59411 -54.8023
1.21028 3.17084 -57.8069
1.22022 3.74364 -62.2317
1.23017 4.40836 -69.9115
1.24011 5.13388 -80.401
1.25005 6.00719 -95.2996
1.25999 7.02898 -130.525
1.26994 8.60278 -188.665
1.27988 10.7807 -269.962
1.28982 13.9712 -429.816
1.29977 19.3279 -511.631
1.30971 24.1453 -445.942
1.31965 28.1958 -407.376
