0.314861 22.3375 86.105
0.324802 21.4816 122.418
0.334743 19.9037 223.014
0.344683 17.0478 187.366
0.354624 16.1787 108.153
0.364564 14.8976 134.773
0.374505 13.4992 135.763
0.384446 12.1985 123.515
0.394386 11.0436 118.215
0.404327 9.84824 106.395
0.414268 8.92832 79.6201
0.424208 8.2653 73.1466
0.434149 7.47408 61.9673
0.444089 7.03332 45.1583
0.45403 6.57628 27.2017
0.463971 6.49251 16.7788
0.473911 6.2427 17.1086
0.483852 6.15237 3.28806
0.493792 6.17733 2.09055
0.503733 6.11081 2.64713
0.513674 6.1247 0.99901
0.523614 6.09095 3.48358
0.533555 6.05544 0.0521647
0.543495 6.08991 -0.680889
0.553436 6.06898 -2.02117
0.563377 6.13009 -1.79311
0.573317 6.10463 6.36964
0.583258 6.00346 3.10027
0.593198 6.04299 2.4854
0.603139 5.95405 7.48992
0.61308 5.89408 8.49195
0.62302 5.78522 8.75276
0.632961 5.72007 6.5004
0.642901 5.65598 11.1219
0.652842 5.49895 17.1544
0.662783 5.31493 18.8087
0.672723 5.12501 20.7488
0.682664 4.90242 21.4929
0.692604 4.6977 21.6312
0.702545 4.47236 24.4759
0.712486 4.21109 26.0314
0.722426 3.95483 21.7238
0.732367 3.7792 18.5855
0.742307 3.58532 18.3466
0.752248 3.41444 17.9615
0.762189 3.22823 16.8374
0.772129 3.0797 14.6532
0.78207 2.9369 15.1799
0.792011 2.7779 14.0689
0.801951 2.6572 11.9927
0.811892 2.53947 11.7618
0.821832 2.42336 11.1957
0.831773 2.31689 11.257
0.841714 2.19956 12.2645
0.851654 2.07306 12.055
0.861595 1.95989 10.892
0.871535 1.85651 10.5943
0.881476 1.74926 12.6242
0.891417 1.60553 13.3074
0.901357 1.48469 12.4984
0.911298 1.35704 11.9977
0.921238 1.24616 11.4288
0.931179 1.12982 12.06
0.94112 1.0064 11.8569
0.95106 0.894094 11.4491
0.961001 0.778775 10.4378
0.970941 0.686579 10.1505
0.980882 0.576971 10.0547
0.990823 0.486679 8.90151
1.00076 0.399998 8.89613
1.0107 0.309813 8.41112
1.02064 0.232774 7.01354
1.03059 0.170375 6.04742
1.04053 0.112544 5.395
1.05047 0.0631163 3.79464
1.06041 0.0371023 2.73355
1.07035 0.00877001 1.53973
1.08029 0.00649056 0.441121
1.09023 0 -1.75258
1.10017 0.0413339 -4.80389
1.11011 0.0955072 -6.96173
1.12005 0.179742 -11.3439
1.12999 0.321037 -16.0024
1.13993 0.497889 -20.3274
1.14987 0.725171 -27.1554
1.15981 1.03777 -33.0735
1.16975 1.38271 -38.2419
1.17969 1.79807 -45.0637
1.18963 2.27863 -49.2759
1.19958 2.77773 -52.9253
1.20952 3.33085 -58.9503
1.21946 3.94973 -64.0501
1.2294 4.60425 -70.6417
1.23934 5.35418 -81.3527
1.24928 6.22164 -99.7015
1.25922 7.33637 -144.453
1.26916 9.09354 -216.923
1.2791 11.6491 -326.75
1.28904 15.5897 -427.363
1.29898 20.1455 -559.002
1.30892 26.7034 -659.7
