0.133014 56.5205
0.133431 0
0.133848 55.8186
0.134265 55.4725
0.134681 0
0.135098 273.949
0.135515 381.173
0.135932 1082.4
0.136349 1613.68
0.136766 2405.79
0.137183 4304.14
0.1376 6390.75
0.138016 12599.4
0.138433 20142.2
0.13885 34337.2
0.139267 48980.9
0.139684 79901.2
0.140101 121560
0.140518 185817
0.140935 280075
0.141351 419215
0.141768 609158
0.142185 888279
0.142602 1.26219e+06
0.143019 1.77023e+06
0.143436 2.45749e+06
0.143853 3.40014e+06
0.14427 4.64382e+06
0.144686 6.17512e+06
0.145103 8.17138e+06
0.14552 1.06396e+07
0.145937 1.37576e+07
0.146354 1.74845e+07
0.146771 2.19292e+07
0.147188 2.71604e+07
0.147605 3.31873e+07
0.148021 4.00241e+07
0.148438 4.78069e+07
0.148855 5.60657e+07
0.149272 6.51761e+07
0.149689 7.46636e+07
0.150106 8.44564e+07
0.150523 9.43174e+07
0.15094 1.03845e+08
0.151356 1.13026e+08
0.151773 1.21389e+08
0.15219 1.28652e+08
0.152607 1.34669e+08
0.153024 1.38979e+08
0.153441 1.41632e+08
0.153858 1.42501e+08
0.154275 1.41915e+08
0.154691 1.38757e+08
0.155108 1.34328e+08
0.155525 1.28449e+08
0.155942 1.21045e+08
0.156359 1.12539e+08
0.156776 1.03548e+08
0.157193 9.39293e+07
0.15761 8.3998e+07
0.158026 7.42353e+07
0.158443 6.47439e+07
0.15886 5.57377e+07
0.159277 4.73097e+07
0.159694 3.97908e+07
0.160111 3.28484e+07
0.160528 2.68957e+07
0.160945 2.17306e+07
0.161361 1.72817e+07
0.161778 1.35479e+07
0.162195 1.05076e+07
0.162612 8.03115e+06
0.163029 6.09619e+06
0.163446 4.55696e+06
0.163863 3.35351e+06
0.16428 2.43121e+06
0.164696 1.75282e+06
0.165113 1.24989e+06
0.16553 863132
0.165947 597783
0.166364 412076
0.166781 275383
0.167198 179824
0.167615 117033
0.168031 76289.5
0.168448 49374.8
0.168865 32719.1
0.169282 19053.3
0.169699 11598.1
0.170116 6738.22
0.170533 4195.12
0.17095 2292.66
0.171366 1293.99
0.171783 779.41
0.1722 337.235
0.172617 201.365
0.173034 233.795
0.173451 66.4779
0.173868 33.0798
0.174285 65.8434
0.174701 32.7648
