0.131823 5.481e-05
0.132269 0
0.132715 0.000270381
0.133161 0.000161144
0.133606 0.000533569
0.134052 0.000795039
0.134498 0.00147425
0.134944 0.0022491
0.135389 0.00353333
0.135835 0.00603957
0.136281 0.0109233
0.136727 0.0167623
0.137172 0.0273341
0.137618 0.0467709
0.138064 0.0683049
0.13851 0.107235
0.138955 0.167616
0.139401 0.254671
0.139847 0.377481
0.140293 0.55162
0.140739 0.794332
0.141184 1.125
0.14163 1.59845
0.142076 2.20217
0.142522 3.01411
0.142967 4.05983
0.143413 5.41089
0.143859 7.11003
0.144305 9.23903
0.14475 11.9047
0.145196 15.0192
0.145642 18.7497
0.146088 23.0012
0.146533 27.8799
0.146979 33.4714
0.147425 39.5328
0.147871 46.1392
0.148317 52.9795
0.148762 60.2629
0.149208 67.4149
0.149654 74.5696
0.1501 81.2409
0.150545 87.5279
0.150991 92.7871
0.151437 97.2104
0.151883 100.646
0.152328 102.685
0.152774 103.382
0.15322 102.631
0.153666 100.664
0.154111 97.3632
0.154557 92.9165
0.155003 87.4037
0.155449 81.4157
0.155895 74.5747
0.15634 67.5378
0.156786 60.3435
0.157232 53.1912
0.157678 46.1207
0.158123 39.6133
0.158569 33.4831
0.159015 28.0589
0.159461 23.0598
0.159906 18.7819
0.160352 15.0725
0.160798 11.9641
0.161244 9.31228
0.161689 7.20672
0.162135 5.45926
0.162581 4.10438
0.163027 3.04009
0.163472 2.21579
0.163918 1.60228
0.164364 1.13696
0.16481 0.804925
0.165256 0.555512
0.165701 0.375023
0.166147 0.254737
0.166593 0.16823
0.167039 0.113399
0.167484 0.0702855
0.16793 0.0479596
0.168376 0.028086
0.168822 0.0182465
0.169267 0.0113358
0.169713 0.0064814
0.170159 0.0042106
0.170605 0.00219249
0.17105 0.0014649
0.171496 0.000744839
0.171942 0.000740982
0.172388 0.000160251
0.172834 0
0.173279 6.34426e-05
0.173725 3.15587e-05
0.174171 0
0.174617 3.12373e-05
0.175062 0
0.175508 0
0.175954 3.07643e-05
0.1764 3.0609e-05
