-3.14159 -2851.81
-3.07876 -2851.81
-3.01593 -1258.81
-2.9531 -683.881
-2.89027 -388.244
-2.82743 -220.752
-2.7646 -124.497
-2.70177 -69.296
-2.63894 -38.392
-2.57611 -21.4258
-2.51327 -12.2265
-2.45044 -7.19675
-2.38761 -4.44848
-2.32478 -2.89222
-2.26195 -2.00494
-2.19911 -1.5497
-2.13628 -1.27708
-2.07345 -1.14758
-2.01062 -1.13021
-1.94779 -1.23965
-1.88496 -1.45205
-1.82212 -1.85382
-1.75929 -2.51469
-1.69646 -3.62874
-1.63363 -5.35076
-1.5708 -8.12195
-1.50796 -12.3376
-1.44513 -18.5088
-1.3823 -26.747
-1.31947 -37.1622
-1.25664 -48.6126
-1.19381 -59.8983
-1.13097 -68.4218
-1.06814 -72.3644
-1.00531 -71.1184
-0.942478 -64.7155
-0.879646 -55.1682
-0.816814 -43.8559
-0.753982 -33.3091
-0.69115 -24.2708
-0.628319 -17.188
-0.565487 -12.0274
-0.502655 -8.47339
-0.439823 -6.14514
-0.376991 -4.59888
-0.314159 -3.723
-0.251327 -3.29334
-0.188496 -3.28074
-0.125664 -4.06609
-0.0628319 -6.96431
4.44089e-16 6.99921
0.0628319 6.99921
0.125664 3.99974
0.188496 3.34713
0.251327 3.29671
0.314159 3.73156
0.376991 4.57507
0.439823 6.07958
0.502655 8.47392
0.565487 12.0085
0.628319 17.1966
0.69115 24.2609
0.753982 33.3237
0.816814 43.8725
0.879646 55.2137
0.942478 64.99
1.00531 71.4308
1.06814 72.8371
1.13097 68.6354
1.19381 60.1525
1.25664 48.9192
1.31947 37.3603
1.3823 26.9199
1.44513 18.4635
1.50796 12.3617
1.5708 8.12646
1.63363 5.39274
1.69646 3.63653
1.75929 2.508
1.82212 1.85542
1.88496 1.46784
1.94779 1.23979
2.01062 1.16056
2.07345 1.15927
2.13628 1.27174
2.19911 1.53002
2.26195 2.03573
2.32478 2.8656
2.38761 4.42606
2.45044 7.18795
2.51327 12.2358
2.57611 21.4183
2.63894 38.3295
2.70177 69.4174
2.7646 124.217
2.82743 220.964
2.89027 388.775
2.9531 683.958
3.01593 1259.36
3.07876 2854.56
3.14159 2854.56
