          0.002       13259.436       255544.61
          0.004       12756.538       247106.95
          0.006       12271.008       238176.56
          0.008       11803.832       228753.44
           0.01       11355.995       219627.43
          0.012       10925.322       211619.76
          0.014       10509.516       203987.64
          0.016       10109.372       195956.89
          0.018       9725.6881       187527.53
           0.02       9359.2617       179811.84
          0.022       9006.4408       173812.58
          0.024       8664.0114       168253.21
          0.026       8333.4279        161966.7
          0.028       8016.1446       154953.04
           0.03       7713.6158       148328.26
          0.032       7422.8316       143250.98
          0.034       7140.6118       138669.12
          0.036       6868.1551       133487.97
          0.038       6606.6599       127707.53
           0.04       6357.3249       122247.59
          0.042       6117.6696       118063.06
          0.044       5885.0727       114286.83
          0.046       5660.5223       110016.68
          0.048        5445.006       105252.62
           0.05       5239.5118       100752.71
          0.052       5041.9952        97303.94
          0.054        4850.296       94191.689
          0.056       4665.2284       90672.368
          0.058       4487.6065       86745.976
           0.06       4318.2445       83037.283
          0.062       4155.4574       80194.916
          0.064       3997.4648       77629.895
          0.066       3844.9378       74729.378
          0.068       3698.5473       71493.366
           0.07       3558.9644       68436.775
          0.072       3424.8002       66094.184
          0.074       3294.5876       63980.173
          0.076       3168.8795       61589.656
          0.078        3048.229       58922.634
           0.08        2933.189       56403.486
          0.082       2822.6151       54472.795
          0.084       2715.2978       52730.491
          0.086       2611.6931       50760.301
          0.088       2512.2566       48562.224
           0.09       2417.4442       46486.019
          0.092       2326.3125       44894.802
          0.094        2237.865       43458.849
          0.096       2152.4771       41835.079
          0.098       2070.5247       40023.492
            0.1       1992.3832       38312.348
          0.102       1917.2753       37000.916
          0.104       1844.3795       35817.448
          0.106       1774.0055       34479.186
          0.108       1706.4628       32986.131
           0.11        1642.061       31575.859
          0.112       1580.1593       30495.017
          0.114       1520.0809       29519.639
          0.116       1462.0808       28416.685
          0.118       1406.4142       27186.155
           0.12       1353.3362       26023.852
          0.122       1302.3187       25133.056
          0.124       1252.8039       24329.179
          0.126        1205.002       23420.158
          0.128       1159.1233       22405.994
           0.13       1115.3781       21448.059
          0.132       1073.3311       20713.892
          0.134       1032.5225       20051.361
          0.136       993.12562       19302.174
          0.138       955.31379       18466.331
           0.14        919.2603       17676.831
          0.142       884.60647       17071.753
          0.144       850.97329       16525.715
          0.146        818.5036       15908.259
          0.148       787.34025       15219.382
           0.15       757.62607         14568.7
          0.152       729.06545       14070.014
          0.154       701.34602       13619.987
          0.156        674.5855       13111.098
          0.158       648.90163       12543.347
           0.16       624.41212       12007.075
          0.162       600.87333       11596.073
          0.164       578.02783       11225.174
          0.166       555.97263       10805.764
          0.168       534.80477       10337.841
           0.17       514.62127        9895.862
          0.172       495.22132       9557.1266
          0.174       476.39276       9251.4435
          0.176       458.21555       8905.7781
          0.178       440.76965       8520.1305
           0.18       424.13503       8155.8652
          0.182       408.14619       7876.6899
          0.184       392.62827       7624.7553
          0.186       377.64717       7339.8685
          0.188       363.26879       7022.0297
           0.19       349.55905       6721.8134
          0.192       336.38154       6491.7257
          0.194       323.59215       6284.0889
          0.196       311.24519        6049.294
          0.198       299.39497       5787.3409
            0.2       288.09582       5539.9119
          0.202       277.23532       5350.2807
          0.204        266.6947       5179.1528
          0.206       256.51871       4985.6421
          0.208       246.75213       4769.7485
           0.21       237.43972       4565.8251
          0.212       228.48883       4409.5369
          0.214       219.80157       4268.4986
          0.216       211.41484       4109.0129
          0.218       203.36552         3931.08
           0.22       195.69052       3763.0126
          0.222       188.31347       3634.2047
          0.224        181.1537       3517.9653
          0.226       174.24161       3386.5221
          0.228       167.60761       3239.8753
           0.23       161.28211       3101.3593
          0.232       155.20217       2995.1998
          0.234       149.30131       2899.3988
          0.236       143.60458       2791.0674
          0.238       138.13704       2670.2056
           0.24       132.92375        2556.045
          0.242       127.91286       2468.5516
          0.244       123.04955       2389.5954
          0.246       118.35448       2300.3119
          0.248        113.8483       2200.7014
           0.25       109.55167       2106.6137
          0.252       105.42184       2034.5043
          0.254       101.41365        1969.431
          0.256       97.544121       1895.8464
          0.258       93.830268       1813.7504
           0.26       90.289119       1736.2062
          0.262       86.885443       1676.7759
          0.264       83.582015       1623.1445
          0.266       80.392865       1562.4983
          0.268       77.332022       1494.8373
           0.27       74.413516       1430.9278
          0.272       71.608311       1381.9471
          0.274       68.885727       1337.7458
          0.276       66.257328       1287.7631
          0.278       63.734675        1231.999
           0.28       61.329332       1179.3267
          0.282       59.017368       1138.9584
          0.284       56.773499       1102.5289
          0.286       54.607253       1061.3347
          0.288        52.52816       1015.3757
           0.29        50.54575       971.96481
          0.292         48.6403       938.69445
          0.294       46.790972       908.67046
          0.296       45.005619       874.71945
          0.298       43.292094       836.84141
            0.3       41.658253       801.06352
          0.302        40.08784       773.64311
          0.304       38.563681       748.89826
          0.306       37.092247       720.91688
          0.308       35.680013       689.69896
           0.31       34.333451       660.21192
          0.312       33.039165       637.61286
          0.314          31.783       617.21892
          0.316        30.57029       594.15752
          0.318        29.40637       568.42868
           0.32       28.296575       544.12636
          0.322       27.229864       525.50092
          0.324       26.194571       508.69286
          0.326       25.195093       489.68637
          0.328       24.235826       468.48144
           0.33       23.321167       447.47574
          0.332       22.445923       430.17226
          0.334       21.600478       415.83133
          0.336       20.782598       402.60796
          0.338       19.990046       390.50216
           0.34       19.220589       371.93516
          0.342       18.502306       344.91162
          0.344       17.840942       325.38541
          0.346       17.200764       323.72699
          0.348       16.546034       339.93637
           0.35       15.841018       385.85761
          0.352       15.002604       451.76261
          0.354       14.033968       493.44904
          0.356       13.028808       488.28674
          0.358       12.080821        436.2757
           0.36       11.283705       364.25453
          0.362       10.623803       314.90429
          0.364       10.024088       285.15005
          0.366       9.4832027       256.07441
          0.368       8.9997902       227.67738
           0.37       8.5724932       206.54044
          0.372       8.1736285       198.45555
          0.374        7.778671       195.65697
          0.376       7.3910006       191.16849
          0.378        7.013997       184.99009
           0.38       6.6510402       179.36959
          0.382       6.2965187       176.66912
          0.384       5.9443638       174.81228
          0.386       5.5972696       171.60841
          0.388       5.2579301       167.05751
           0.39       4.9290395       161.34784
          0.392       4.6125388       154.97758
          0.394       4.3091292       148.22325
          0.396       4.0196458       141.05155
          0.398       3.7449231       133.46246
            0.4       3.4857959       126.26059
          0.402       3.2398807       120.40762
          0.404       3.0041654       115.33458
          0.406       2.7785424        110.3154
          0.408       2.5629038       105.35009
           0.41        2.357142       101.21282
          0.412       2.1580525       98.468543
          0.414       1.9632678       96.029246
          0.416       1.7739356       93.016138
          0.418       1.5912033        89.42922
           0.42       1.4162187       85.819984
          0.422       1.2479234       82.809077
          0.424       1.0849824       79.948735
          0.426      0.92812842       76.722041
          0.428       0.7780942       73.128996
           0.43      0.63561243       69.567542
          0.432      0.49982403       66.538094
          0.434      0.36946006       63.796412
          0.436      0.24463838       60.995791
          0.438      0.12547689        58.13623
           0.44     0.012093463       55.517734
          0.442    -0.096594044       53.365379
          0.444     -0.20136805       51.266765
          0.446     -0.30166111       48.884424
          0.448     -0.39690575       46.218356
           0.45     -0.48653453       43.610424
          0.452     -0.57134745       41.423563
          0.454     -0.65222878       39.347519
          0.456     -0.72873752       37.050964
          0.458     -0.80043264       34.533898
           0.46     -0.86687311       32.182755
          0.462     -0.92916366       30.413846
          0.464      -0.9885285       28.885558
          0.466      -1.0447059       27.226398
          0.468      -1.0974341       25.436366
           0.47      -1.1464514       23.758085
          0.472      -1.1924664       22.445461
          0.474      -1.2362332       21.272799
          0.476      -1.2775576       20.003117
          0.478      -1.3162457       18.636417
           0.48      -1.3521033       17.243997
          0.482      -1.3852217       15.904528
          0.484      -1.4157214       14.557764
          0.486      -1.4434527       13.136093
          0.488      -1.4682658       11.639512
           0.49      -1.4900108       10.181273
          0.492      -1.5089909       8.8218118
          0.494       -1.525298       7.3686597
          0.496      -1.5384655       5.6821608
          0.498      -1.5480267       3.7623147
            0.5      -1.5535148       2.0158968
          0.502      -1.5560902        0.896767
          0.504      -1.5571018       0.0687795
          0.506      -1.5563654      -0.8512975
          0.508      -1.5536966      -1.8634645
           0.51      -1.5489115      -2.7255455
          0.512      -1.5427945      -3.1959818
          0.514      -1.5361276      -3.5178738
          0.516       -1.528723      -3.9337053
          0.518      -1.5203928      -4.4434768
           0.52      -1.5109491      -4.8461073
          0.522      -1.5010083      -5.0468848
          0.524      -1.4907615      -5.4064442
          0.526      -1.4793825      -6.1790508
          0.528      -1.4660453       -7.364704
           0.53      -1.4499237       -8.492011
          0.532      -1.4320773      -8.9475855
          0.534      -1.4141334      -8.9898325
          0.536      -1.3961179      -9.0191495
          0.538      -1.3780568      -9.0355368
           0.54      -1.3599758      -9.0542612
          0.542      -1.3418397      -9.0851063
          0.544      -1.3236354       -9.104578
          0.546      -1.3054214      -9.0946677
          0.548      -1.2872567      -9.0553755
           0.55      -1.2691999       -8.515918
          0.552       -1.253193      -7.2906375
          0.554      -1.2400374      -6.2780023
          0.556       -1.228081      -6.0913568
          0.558       -1.215672      -6.7307015
           0.56      -1.2011582      -7.7548815
          0.562      -1.1846524       -8.435345
          0.564      -1.1674168      -8.7821518
          0.566      -1.1495238      -9.0927578
          0.568      -1.1310458      -9.3671628
           0.57      -1.1120552      -9.8874108
          0.572      -1.0914962      -10.697875
          0.574      -1.0692637      -11.160005
          0.576      -1.0468561      -10.872922
          0.578       -1.025772      -9.8366263
           0.58      -1.0075096      -8.6156431
          0.582     -0.99130941      -8.0367428
          0.584     -0.97536266      -7.9287654
          0.586     -0.95959435      -7.8583068
          0.588     -0.94392943       -7.825367
           0.59     -0.92829288      -7.7319802
          0.592     -0.91300151      -7.5492419
          0.594     -0.89809591      -7.4787097
          0.596     -0.88308667      -7.6528799
          0.598     -0.86748439      -8.0717527
            0.6     -0.85079966      -8.6856235
          0.602      -0.8327419      -9.2937814
          0.604     -0.81362453      -9.7194207
          0.606     -0.79386421      -9.9367424
          0.608     -0.77387757      -9.9457464
           0.61     -0.75408123      -9.8894135
          0.612     -0.73431991         -9.9373
          0.614     -0.71433203       -9.986289
          0.616     -0.69437476      -9.9066879
          0.618     -0.67470528      -9.6984964
           0.62     -0.65558077      -9.3562342
          0.622     -0.63728034      -8.9592704
          0.624     -0.61974369      -8.6403601
          0.626      -0.6027189      -8.4474087
          0.628     -0.58595405      -8.3804162
           0.63     -0.56919723      -8.3915297
          0.632     -0.55238793      -8.3913495
          0.634     -0.53563184      -8.3654086
          0.636      -0.5189263      -8.3407868
          0.638     -0.50226869      -8.3174839
           0.64     -0.48565636      -8.2738719
          0.642      -0.4691732      -8.1851911
          0.644      -0.4529156      -8.0683731
          0.646     -0.43689971      -7.9434805
          0.648     -0.42114168       -7.810513
           0.65     -0.40565766      -7.5641626
          0.652     -0.39088503      -7.1341705
          0.654     -0.37712097      -6.6784196
          0.656     -0.36417135      -6.3197431
          0.658       -0.351842       -6.058141
           0.66     -0.33993879      -5.8859565
          0.662     -0.32829818      -5.7428883
          0.664     -0.31696723      -5.5576273
          0.666     -0.30606767      -5.3115084
          0.668      -0.2957212      -5.0045316
           0.67     -0.28604954      -4.7141307
          0.672     -0.27686468      -4.5389866
          0.674     -0.26789359      -4.4335362
          0.676     -0.25913053      -4.3309693
          0.678     -0.25056972      -4.2312859
           0.68     -0.24220539      -4.1462862
          0.682     -0.23398457      -4.0818161
          0.684     -0.22587812      -4.0171436
          0.686       -0.217916      -3.9374911
          0.688     -0.21012816      -3.8428587
           0.69     -0.20254456       -3.742974
          0.692     -0.19515626      -3.6290267
          0.694     -0.18802846      -3.4634817
          0.696     -0.18130234      -3.2273422
          0.698     -0.17511909      -2.9206082
            0.7      -0.1696199       -2.636939
          0.702     -0.16457133      -2.5021414
          0.704     -0.15961134      -2.4707771
          0.706     -0.15468822      -2.4652607
          0.708     -0.14975029      -2.4855921
           0.71     -0.14474586      -2.5212003
          0.712     -0.13966549      -2.5487127
          0.714       -0.134551      -2.5594975
          0.716      -0.1294275      -2.5577247
          0.718     -0.12432011      -2.5433944
           0.72     -0.11925393      -2.5119708
          0.722     -0.11427222      -2.4363669
          0.724     -0.10950846       -2.287292
          0.726     -0.10512305      -2.0580063
          0.728     -0.10127643      -1.7485099
           0.73    -0.098129015      -1.4610564
          0.732    -0.095432207      -1.3285317
          0.734    -0.092814888      -1.2946316
          0.736    -0.090253681      -1.2724189
          0.738    -0.087725212      -1.2618937
           0.74    -0.085206106       -1.258818
          0.742     -0.08268994      -1.2549768
          0.744    -0.080186199      -1.2486425
          0.746     -0.07769537      -1.2420645
          0.748    -0.075217941      -1.2352427
           0.75      -0.0727544      -1.1820412
          0.752    -0.070489776      -1.0441339
          0.754    -0.068577864     -0.87937144
          0.756    -0.066972291     -0.73779458
          0.758    -0.065626686     -0.61940335
           0.76    -0.064494677     -0.35504093
          0.762    -0.064206522      0.12528929
          0.764    -0.064995834      0.50369022
          0.766    -0.066221283      0.56142497
          0.768    -0.067241534      0.29849352
           0.77    -0.067415257     -0.13693153
          0.772    -0.066693808     -0.48430828
          0.774    -0.065478024     -0.72325527
          0.776    -0.063800787     -0.94576042
          0.778    -0.061694982      -1.1518237
           0.78    -0.059193492      -1.4943918
          0.782    -0.055717415      -2.0088277
          0.784    -0.051158181      -2.3658093
          0.786    -0.046254178      -2.3535979
          0.788     -0.04174379      -1.9721936
           0.79    -0.038365403      -1.4145088
          0.792    -0.036085754     -0.99048024
          0.794    -0.034403482      -0.6827321
          0.796    -0.033354826      -0.3568643
          0.798    -0.032976025    -0.012876838
            0.8    -0.033303319        0.356552
          0.802    -0.034402233      0.68831403
          0.804    -0.036056575      0.86944271
          0.806    -0.037880004      0.85740139
          0.808     -0.03948618      0.65219006
           0.81    -0.040488764      0.39232211
          0.812    -0.041055469      0.25641522
          0.814    -0.041514425      0.16611248
          0.816    -0.041719919     0.002952685
          0.818    -0.041526236     -0.23306418
           0.82    -0.040787662     -0.49274438
          0.822    -0.039555258     -0.67595618
          0.824    -0.038083837     -0.75548623
          0.826    -0.036533313     -0.75505925
          0.828      -0.0350636     -0.67467523
           0.83    -0.033834612      -0.5707784
          0.832    -0.032780487      -0.5231637
          0.834    -0.031741958     -0.51041294
          0.836    -0.030738835     -0.48775726
          0.838    -0.029790929     -0.45519665
           0.84    -0.028918048     -0.41640857
          0.842    -0.028125294     -0.37952748
          0.844    -0.027399938     -0.34756146
          0.846    -0.026735048     -0.31906154
          0.848    -0.026123692     -0.29402773
           0.85    -0.025558938     -0.23426557
          0.852     -0.02518663     -0.12901223
          0.854    -0.025042889    -0.057609633
          0.856    -0.024956191    -0.071968047
          0.858    -0.024755016     -0.17208748
           0.86    -0.024267841     -0.32639917
          0.862     -0.02344942     -0.45525109
          0.864    -0.022446837     -0.51808709
          0.866    -0.021377071      -0.5224343
          0.868      -0.0203571     -0.46829271
           0.87      -0.0195039     -0.39539898
          0.872    -0.018775504     -0.36189874
          0.874    -0.018056306     -0.35566879
          0.876    -0.017352829     -0.34617697
          0.878    -0.016671598     -0.33342327
           0.88    -0.016019136     -0.32030842
          0.882    -0.015390364     -0.31035678
          0.884    -0.014777709     -0.30160306
          0.886    -0.014183952     -0.29145837
          0.888    -0.013611875      -0.2799227
           0.89    -0.013064261      -0.2535542
          0.892    -0.012597658      -0.2097503
          0.894     -0.01222526     -0.17821178
          0.896    -0.011884811     -0.17780013
          0.898    -0.011514059     -0.20851534
            0.9     -0.01105075     -0.26571071
          0.902    -0.010451216      -0.3230359
          0.904   -0.0097586063     -0.35258217
          0.906   -0.0090408877     -0.34814441
          0.908   -0.0083660287     -0.30972262
           0.91   -0.0078019972     -0.26162018
          0.912    -0.007319548     -0.23972902
          0.914   -0.0068430811     -0.23712866
          0.916   -0.0063710333        -0.23531
          0.918   -0.0059018411     -0.23427305
           0.92   -0.0054339411     -0.23305132
          0.922   -0.0049696358     -0.23064557
          0.924   -0.0045113588     -0.22797319
          0.926   -0.0040577431     -0.22598429
          0.928   -0.0036074217     -0.22467887
           0.93   -0.0031590276     -0.18065199
          0.932   -0.0028848137    -0.074739723
          0.934   -0.0028600687     0.013291464
          0.936   -0.0029379795     0.027916113
          0.938   -0.0029717331    -0.030865777
           0.94   -0.0028145164     -0.14201724
          0.942   -0.0024036642     -0.27083354
          0.944   -0.0017311823     -0.41784994
          0.946  -0.00073226441     -0.59726952
          0.948   0.00065789578     -0.80909227
           0.95    0.0025041047      -1.0108063
          0.952    0.0047011211      -1.1354078
          0.954     0.007045736      -1.1886706
          0.956    0.0094558036      -1.2008606
          0.958     0.011849178      -1.1719777
           0.96     0.014143714      -1.1611088
          0.962     0.016493613      -1.2023149
          0.964     0.018952974      -1.1989704
          0.966     0.021289495      -1.0794755
          0.968     0.023270876     -0.84383027
           0.97     0.024664816     -0.58570358
          0.972     0.025613691     -0.44491229
          0.974     0.026444465     -0.39700908
          0.976     0.027201727      -0.3713989
          0.978     0.027930061     -0.36808173
           0.98     0.028674054     -0.37696439
          0.982     0.029437919     -0.38070058
          0.984     0.030196856     -0.37850381
          0.986     0.030951934     -0.37684069
          0.988     0.031704219     -0.37571123
           0.99     0.032454779     -0.36763412
          0.992     0.033174755     -0.33325647
          0.994     0.033787805     -0.26225222
          0.996     0.034223764     -0.15616688
          0.998     0.034412472    -0.015000437
              1     0.034283766      0.27141526
          1.002     0.033326811      0.75032096
          1.004     0.031282482       1.2171574
          1.006     0.028458181       1.5302927
          1.008     0.025161311       1.6897269
           1.01     0.021699274       1.7797686
          1.012     0.018042237       1.8996143
          1.014     0.014100817       1.9872875
          1.016     0.010093087       1.9659237
          1.018    0.0062371218       1.8355228
           1.02    0.0027509958       1.6513154
          1.022  -0.00036813981       1.5061466
          1.024   -0.0032735908       1.4012072
          1.026   -0.0059729687       1.3000736
          1.028   -0.0084738851       1.2027458
           1.03    -0.010783952       1.1292083
          1.032    -0.012990718       1.0661256
          1.034    -0.015048454      0.94353266
          1.036    -0.016764849      0.72478481
          1.038    -0.017947593      0.40988204
           1.04    -0.018404377      0.11751972
          1.042    -0.018417672    0.0006654925
          1.044    -0.018407039   -0.0079675625
          1.046    -0.018385802   -0.0099386525
          1.048    -0.018367285     -0.00524778
           1.05    -0.018364811    0.0021624925
          1.052    -0.018375934     0.006438945
          1.054    -0.018390567    0.0086581425
          1.056    -0.018410567     0.011807307
          1.058    -0.018437796     0.015886443
           1.06    -0.018474113     0.048716257
          1.062    -0.018632661      0.15835165
          1.064    -0.019107519      0.34732321
          1.066    -0.020021954      0.59792733
          1.068    -0.021499229      0.91016399
           1.07     -0.02366261       1.1779318
          1.072    -0.026210956       1.2744743
          1.074    -0.028760507       1.2749099
          1.076    -0.031310596       1.2750124
          1.078    -0.033860556       1.2747817
           1.08    -0.036409723       1.2744388
          1.082    -0.038958312       1.2742848
          1.084    -0.041506862       1.2742195
          1.086     -0.04405519       1.2740623
          1.088    -0.046603111       1.2738132
           1.09    -0.049150443        1.224793
          1.092    -0.051502284       1.0924051
          1.094    -0.053520063      0.94645212
          1.096    -0.055288092      0.84265439
          1.098    -0.056890681      0.78101194
            1.1     -0.05841214      0.69600381
          1.102    -0.059674696      0.54884791
          1.104    -0.060607531      0.44517348
          1.106     -0.06145539      0.46387087
          1.108    -0.062463015       0.6049401
           1.11     -0.06387515      0.79314542
          1.112    -0.065635597      0.90836604
          1.114    -0.067508614      0.95851003
          1.116    -0.069469637      0.99637057
          1.118    -0.071494097       1.0219477
           1.12    -0.073557427       1.0703379
          1.122    -0.075775448       1.1531058
          1.124    -0.078169851       1.1998562
          1.126    -0.080574873       1.1637264
          1.128    -0.082824756       1.0447164
           1.13    -0.084753739      0.87809995
          1.132    -0.086337156      0.73523501
          1.134    -0.087694679      0.63497415
          1.136    -0.088877053      0.56008575
          1.138    -0.089935022      0.51056979
           1.14    -0.090919332      0.48703751
          1.142    -0.091883172      0.48139618
          1.144    -0.092844917      0.47997872
          1.146    -0.093803087      0.47782192
          1.148    -0.094756204      0.47492579
           1.15     -0.09570279      0.46899103
          1.152    -0.096632168      0.46057804
          1.154    -0.097545102      0.45627572
          1.156    -0.098457271      0.45981323
          1.158    -0.099384355      0.47119059
           1.16     -0.10034203      0.50737592
          1.162     -0.10141386      0.57173245
          1.164     -0.10262896      0.62688468
          1.166      -0.1039214      0.64906193
          1.168     -0.10522521      0.63826425
           1.17     -0.10647445      0.60753495
          1.172     -0.10765535      0.57989315
          1.174     -0.10879403      0.55725932
          1.176     -0.10988439       0.5315781
          1.178     -0.11092034      0.50284953
           1.18     -0.11189579      0.41311022
          1.182     -0.11257278      0.21383515
          1.184     -0.11275113    -0.022854875
          1.186     -0.11248136      -0.2342774
          1.188     -0.11181402     -0.42043242
           1.19     -0.11079963      -0.5750779
          1.192     -0.10951371     -0.68266573
          1.194     -0.10806897     -0.73547867
          1.196     -0.10657179     -0.73510562
          1.198     -0.10512855     -0.68154665
            1.2      -0.1038456      -0.6140719
          1.202     -0.10267226      -0.5843038
          1.204     -0.10150839     -0.57150065
          1.206     -0.10038626     -0.54256841
          1.208    -0.099338116     -0.49750708
           1.21    -0.098396227     -0.43363927
          1.212    -0.097603558     -0.36528887
          1.214    -0.096935072     -0.32063516
          1.216    -0.096321018     -0.31085618
          1.218    -0.095691647      -0.3359519
           1.22     -0.09497721      -0.3735478
          1.222    -0.094197456      -0.3987323
          1.224    -0.093382281     -0.43007443
          1.226    -0.092477158     -0.48868024
          1.228     -0.09142756     -0.57454972
           1.23    -0.090178959     -0.69152689
          1.232    -0.088661452     -0.81401417
          1.234    -0.086922903      -0.8940051
          1.236    -0.085085432     -0.91293487
          1.238    -0.083271163     -0.87080347
           1.24    -0.081602218     -0.80377729
          1.242    -0.080056054     -0.76687786
          1.244    -0.078534707     -0.75222146
          1.246    -0.077047168     -0.73306925
          1.248     -0.07560243     -0.70942123
           1.25    -0.074209483      -0.6589892
          1.252    -0.072966473     -0.57875243
          1.254    -0.071894473     -0.51990035
          1.256    -0.070886872     -0.51435488
          1.258    -0.069837054     -0.56211603
           1.26    -0.068638407     -0.65034254
          1.262    -0.067235684     -0.74101025
          1.264    -0.065674366     -0.80918607
          1.266     -0.06399894      -0.8551198
          1.268    -0.062253887     -0.87881145
           1.27    -0.060483694     -0.96982283
          1.272    -0.058374596       -1.163198
          1.274    -0.055830902      -1.2875987
          1.276    -0.053224201      -1.2262042
          1.278    -0.050926085     -0.97901438
           1.28    -0.049308144     -0.62071217
          1.282    -0.048443236     -0.32613173
          1.284    -0.048003617     -0.17081736
          1.286    -0.047759967     -0.13016197
          1.288    -0.047482969     -0.20416557
           1.29    -0.046943305      -0.3183273
          1.292     -0.04620966     -0.36868009
          1.294    -0.045468584     -0.38552545
          1.296    -0.044667558     -0.42863112
          1.298     -0.04375406     -0.49799709
            1.3    -0.042675569     -0.60646837
          1.302    -0.041328186     -0.73372921
          1.304    -0.039740653     -0.81719341
          1.306    -0.038059413     -0.82743559
          1.308     -0.03643091     -0.76445573
           1.31     -0.03500159     -0.66762966
          1.312    -0.033760392      -0.6024986
          1.314    -0.032591595     -0.56893493
          1.316    -0.031484652     -0.54064555
          1.318    -0.030429013     -0.51763048
           1.32     -0.02941413     -0.45005972
          1.322    -0.028628774     -0.32355907
          1.324    -0.028119894     -0.24114225
          1.326    -0.027664205     -0.27036717
          1.328    -0.027038425      -0.4112338
           1.33     -0.02601927     -0.62876906
          1.332    -0.024523349     -0.82452938
          1.334    -0.022721152     -0.93828218
          1.336     -0.02077022     -0.97326533
          1.338    -0.018828091     -0.92947883
           1.34    -0.017052305     -0.85509482
          1.342    -0.015407712     -0.81303783
          1.344    -0.013800153     -0.77726431
          1.346    -0.012298654     -0.70697831
          1.348     -0.01097224     -0.60217985
           1.35   -0.0098899351     -0.39043236
          1.352   -0.0094105106    -0.074547012
          1.354    -0.009591747      0.16016804
          1.356    -0.010051183      0.20365236
          1.358    -0.010406356     0.055905955
           1.36    -0.010274807     -0.16281106
          1.362   -0.0097551122     -0.27215988
          1.364   -0.0091861671     -0.30228258
          1.366   -0.0085459819     -0.34339992
          1.368   -0.0078125674      -0.3955119
           1.37   -0.0069639343     -0.46164945
          1.372   -0.0059659696     -0.52832388
          1.374   -0.0048506388     -0.56772484
          1.376   -0.0036950703     -0.56856159
          1.378   -0.0025763924     -0.53083414
           1.38   -0.0015717337     -0.47426283
          1.382  -0.00067934109     -0.42239764
          1.384   0.00011785689     -0.36126271
          1.386   0.00076570976     -0.27305253
          1.388     0.001210067      -0.1577671
           1.39    0.0013967781    -0.016735615
          1.392    0.0012770095      0.11574566
          1.394   0.00093379553      0.19155534
          1.396    0.0005107881      0.19553913
          1.398   0.00015163899      0.12769702
            1.4               0     0.037909748
          1.402               0               0
          1.404               0               0
          1.406               0               0
          1.408               0               0
           1.41               0               0
          1.412               0               0
          1.414               0               0
          1.416               0               0
          1.418               0               0
           1.42               0               0
          1.422               0               0
          1.424               0               0
          1.426               0               0
          1.428               0               0
           1.43               0               0
          1.432               0               0
          1.434               0               0
          1.436               0               0
          1.438               0               0
           1.44               0               0
          1.442               0               0
          1.444               0               0
          1.446               0               0
          1.448               0               0
           1.45               0               0
          1.452               0               0
          1.454               0               0
          1.456               0               0
          1.458               0               0
           1.46               0               0
          1.462               0               0
          1.464               0               0
          1.466               0               0
          1.468               0               0
           1.47               0               0
          1.472               0               0
          1.474               0               0
          1.476               0               0
          1.478               0               0
           1.48               0               0
          1.482               0               0
          1.484               0               0
          1.486               0               0
          1.488               0               0
           1.49               0               0
          1.492               0               0
          1.494               0               0
          1.496               0               0
          1.498               0               0
            1.5               0               0
          1.502               0               0
          1.504               0               0
          1.506               0               0
          1.508               0               0
           1.51               0               0
          1.512               0               0
          1.514               0               0
          1.516               0               0
          1.518               0               0
           1.52               0               0
          1.522               0               0
          1.524               0               0
          1.526               0               0
          1.528               0               0
           1.53               0               0
          1.532               0               0
          1.534               0               0
          1.536               0               0
          1.538               0               0
           1.54               0               0
          1.542               0               0
          1.544               0               0
          1.546               0               0
          1.548               0               0
           1.55               0               0
          1.552               0               0
          1.554               0               0
          1.556               0               0
          1.558               0               0
           1.56               0               0
          1.562               0               0
          1.564               0               0
          1.566               0               0
          1.568               0               0
           1.57               0               0
          1.572               0               0
          1.574               0               0
          1.576               0               0
          1.578               0               0
           1.58               0               0
          1.582               0               0
          1.584               0               0
          1.586               0               0
          1.588               0               0
           1.59               0               0
          1.592               0               0
          1.594               0               0
          1.596               0               0
          1.598               0               0
            1.6               0               0
          1.602               0               0
          1.604               0               0
          1.606               0               0
          1.608               0               0
           1.61               0               0
          1.612               0               0
          1.614               0               0
          1.616               0               0
          1.618               0               0
           1.62               0               0
          1.622               0               0
          1.624               0               0
          1.626               0               0
          1.628               0               0
           1.63               0               0
          1.632               0               0
          1.634               0               0
          1.636               0               0
          1.638               0               0
           1.64               0               0
          1.642               0               0
          1.644               0               0
          1.646               0               0
          1.648               0               0
           1.65               0               0
          1.652               0               0
          1.654               0               0
          1.656               0               0
          1.658               0               0
           1.66               0               0
          1.662               0               0
          1.664               0               0
          1.666               0               0
          1.668               0               0
           1.67               0               0
          1.672               0               0
          1.674               0               0
          1.676               0               0
          1.678               0               0
           1.68               0               0
          1.682               0               0
          1.684               0               0
          1.686               0               0
          1.688               0               0
           1.69               0               0
          1.692               0               0
          1.694               0               0
          1.696               0               0
          1.698               0               0
            1.7               0               0
          1.702               0               0
          1.704               0               0
          1.706               0               0
          1.708               0               0
           1.71               0               0
          1.712               0               0
          1.714               0               0
          1.716               0               0
          1.718               0               0
           1.72               0               0
          1.722               0               0
          1.724               0               0
          1.726               0               0
          1.728               0               0
           1.73               0               0
          1.732               0               0
          1.734               0               0
          1.736               0               0
          1.738               0               0
           1.74               0               0
          1.742               0               0
          1.744               0               0
          1.746               0               0
          1.748               0               0
           1.75               0               0
          1.752               0               0
          1.754               0               0
          1.756               0               0
          1.758               0               0
           1.76               0               0
          1.762               0               0
          1.764               0               0
          1.766               0               0
          1.768               0               0
           1.77               0               0
          1.772               0               0
          1.774               0               0
          1.776               0               0
          1.778               0               0
           1.78               0               0
          1.782               0               0
          1.784               0               0
          1.786               0               0
          1.788               0               0
           1.79               0               0
          1.792               0               0
          1.794               0               0
          1.796               0               0
          1.798               0               0
            1.8               0               0
          1.802               0               0
          1.804               0               0
          1.806               0               0
          1.808               0               0
           1.81               0               0
          1.812               0               0
          1.814               0               0
          1.816               0               0
          1.818               0               0
           1.82               0               0
          1.822               0               0
          1.824               0               0
          1.826               0               0
          1.828               0               0
           1.83               0               0
          1.832               0               0
          1.834               0               0
          1.836               0               0
          1.838               0               0
           1.84               0               0
          1.842               0               0
          1.844               0               0
          1.846               0               0
          1.848               0               0
           1.85               0               0
          1.852               0               0
          1.854               0               0
          1.856               0               0
          1.858               0               0
           1.86               0               0
          1.862               0               0
          1.864               0               0
          1.866               0               0
          1.868               0               0
           1.87               0               0
          1.872               0               0
          1.874               0               0
          1.876               0               0
          1.878               0               0
           1.88               0               0
          1.882               0               0
          1.884               0               0
          1.886               0               0
          1.888               0               0
           1.89               0               0
          1.892               0               0
          1.894               0               0
          1.896               0               0
          1.898               0               0
            1.9               0               0
          1.902               0               0
          1.904               0               0
          1.906               0               0
          1.908               0               0
           1.91               0               0
          1.912               0               0
          1.914               0               0
          1.916               0               0
          1.918               0               0
           1.92               0               0
          1.922               0               0
          1.924               0               0
          1.926               0               0
          1.928               0               0
           1.93               0               0
          1.932               0               0
          1.934               0               0
          1.936               0               0
          1.938               0               0
           1.94               0               0
          1.942               0               0
          1.944               0               0
          1.946               0               0
          1.948               0               0
           1.95               0               0
          1.952               0               0
          1.954               0               0
          1.956               0               0
          1.958               0               0
           1.96               0               0
          1.962               0               0
          1.964               0               0
          1.966               0               0
          1.968               0               0
           1.97               0               0
          1.972               0               0
          1.974               0               0
          1.976               0               0
          1.978               0               0
           1.98               0               0
          1.982               0               0
          1.984               0               0
          1.986               0               0
          1.988               0               0
           1.99               0               0
          1.992               0               0
          1.994               0               0
          1.996               0               0
          1.998               0               0
              2               0               0
