          0.001        866.0001       6130.2775
          0.002       859.87982       6110.2775
          0.003       853.77954       6090.2775
          0.004       847.69927       6070.2775
          0.005       841.63899       6050.2775
          0.006       835.59871       6030.2775
          0.007       829.57843       6010.2775
          0.008       823.57816       5990.2775
          0.009       817.59788       5970.2775
           0.01        811.6376       5950.2775
          0.011       805.69732       5930.2776
          0.012       799.77704       5910.2775
          0.013       793.87677       5890.2775
          0.014       787.99649       5870.2775
          0.015       782.13621       5850.2775
          0.016       776.29593       5830.2775
          0.017       770.47566       5810.2775
          0.018       764.67538       5790.2775
          0.019        758.8951       5770.2775
           0.02       753.13482       5750.2775
          0.021       747.39455       5730.2775
          0.022       741.67427       5710.2775
          0.023       735.97399       5690.2775
          0.024       730.29371       5670.2775
          0.025       724.63344       5650.2775
          0.026       718.99316       5630.2776
          0.027       713.37288       5610.2775
          0.028        707.7726       5590.2775
          0.029       702.19233       5570.2775
           0.03       696.63205       5550.2775
          0.031       691.09177       5530.2775
          0.032       685.57149       5510.2775
          0.033       680.07122       5490.2775
          0.034       674.59094       5470.2775
          0.035       669.13066       5450.2775
          0.036       663.69038       5430.2775
          0.037       658.27011       5410.2775
          0.038       652.86983       5390.2775
          0.039       647.48955       5370.2775
           0.04       642.12927       5350.2775
          0.041         636.789       5330.2776
          0.042       631.46872       5310.2775
          0.043       626.16844       5290.2775
          0.044       620.88816       5270.2775
          0.045       615.62789       5250.2775
          0.046       610.38761       5230.2775
          0.047       605.16733       5210.2775
          0.048       599.96705       5190.2775
          0.049       594.78678       5170.2775
           0.05        589.6265       5150.2775
          0.051       584.48622       5130.2775
          0.052       579.36594       5110.2775
          0.053       574.26567       5090.2775
          0.054       569.18539       5070.2775
          0.055       564.12511       5050.2775
          0.056       559.08483       5030.2776
          0.057       554.06455       5010.2775
          0.058       549.06428       4990.2775
          0.059         544.084       4970.2775
           0.06       539.12372       4950.2775
          0.061       534.18344       4930.2775
          0.062       529.26317       4910.2775
          0.063       524.36289       4890.2775
          0.064       519.48261       4870.2775
          0.065       514.62233       4850.2775
          0.066       509.78206       4830.2775
          0.067       504.96178       4810.2775
          0.068        500.1615       4790.2775
          0.069       495.38122       4770.2775
           0.07       490.62095       4750.2775
          0.071       485.88067       4730.2776
          0.072       481.16039       4710.2775
          0.073       476.46011       4690.2775
          0.074       471.77984       4670.2775
          0.075       467.11956       4650.2775
          0.076       462.47928       4630.2775
          0.077         457.859       4610.2775
          0.078       453.25873       4590.2775
          0.079       448.67845       4570.2775
           0.08       444.11817       4550.2775
          0.081       439.57789       4530.2775
          0.082       435.05762       4510.2775
          0.083       430.55734       4490.2775
          0.084       426.07706       4470.2775
          0.085       421.61678       4450.2775
          0.086       417.17651       4430.2776
          0.087       412.75623       4410.2775
          0.088       408.35595       4390.2775
          0.089       403.97567       4370.2775
           0.09        399.6154       4350.2775
          0.091       395.27512       4330.2775
          0.092       390.95484       4310.2775
          0.093       386.65456       4290.2775
          0.094       382.37429       4270.2775
          0.095       378.11401       4250.2775
          0.096       373.87373       4230.2775
          0.097       369.65345       4210.2775
          0.098       365.45318       4190.2775
          0.099        361.2729       4170.2775
            0.1       357.11262       4150.2775
          0.101       352.97234       4130.2776
          0.102       348.85207       4110.2775
          0.103       344.75179       4090.2775
          0.104       340.67151       4070.2775
          0.105       336.61123       4050.2775
          0.106       332.57095       4030.2775
          0.107       328.55068       4010.2775
          0.108        324.5504       3990.2775
          0.109       320.57012       3970.2775
           0.11       316.60984       3950.2775
          0.111       312.66957       3930.2775
          0.112       308.74929       3910.2775
          0.113       304.84901       3890.2775
          0.114       300.96873       3870.2775
          0.115       297.10846       3850.2775
          0.116       293.26818       3830.2776
          0.117        289.4479       3810.2775
          0.118       285.64762       3790.2775
          0.119       281.86735       3770.2775
           0.12       278.10707       3750.2775
          0.121       274.36679       3730.2775
          0.122       270.64651       3710.2775
          0.123       266.94624       3690.2775
          0.124       263.26596       3670.2775
          0.125       259.60568       3650.2775
          0.126        255.9654       3630.2775
          0.127       252.34513       3610.2775
          0.128       248.74485       3590.2775
          0.129       245.16457       3570.2775
           0.13       241.60429       3550.2775
          0.131       238.06402       3530.2776
          0.132       234.54374       3510.2775
          0.133       231.04346       3490.2775
          0.134       227.56318       3470.2775
          0.135       224.10291       3450.2775
          0.136       220.66263       3430.2775
          0.137       217.24235       3410.2775
          0.138       213.84207       3390.2775
          0.139        210.4618       3370.2775
           0.14       207.10152       3350.2775
          0.141       203.76124       3330.2775
          0.142       200.44096       3310.2775
          0.143       197.14069       3290.2775
          0.144       193.86041       3270.2775
          0.145       190.60013       3250.2775
          0.146       187.35985       3230.2776
          0.147       184.13958       3210.2775
          0.148        180.9393       3190.2775
          0.149       177.75902       3170.2775
           0.15       174.59874       3150.2775
          0.151       171.45846       3130.2775
          0.152       168.33819       3110.2775
          0.153       165.23791       3090.2775
          0.154       162.15763       3070.2775
          0.155       159.09735       3050.2775
          0.156       156.05708       3030.2775
          0.157        153.0368       3010.2775
          0.158       150.03652       2990.2775
          0.159       147.05624       2970.2775
           0.16       144.09597       2950.2775
          0.161       141.15569       2930.2776
          0.162       138.23541       2910.2775
          0.163       135.33513       2890.2775
          0.164       132.45486       2870.2775
          0.165       129.59458       2850.2775
          0.166        126.7543       2830.2775
          0.167       123.93402       2810.2775
          0.168       121.13375       2790.2775
          0.169       118.35347       2770.2775
           0.17       115.59319       2750.2775
          0.171       112.85291       2730.2775
          0.172       110.13264       2710.2775
          0.173       107.43236       2690.2775
          0.174       104.75208       2670.2775
          0.175        102.0918       2650.2775
          0.176       99.451526       2630.2776
          0.177       96.831249       2610.2776
          0.178       94.230971       2590.2776
          0.179       91.650694       2570.2775
           0.18       89.090416       2550.2776
          0.181       86.550138       2530.2776
          0.182       84.029861       2510.2775
          0.183       81.529583       2490.2776
          0.184       79.049306       2470.2776
          0.185       76.589028       2450.2775
          0.186       74.148751       2430.2776
          0.187       71.728473       2410.2776
          0.188       69.328196       2390.2775
          0.189       66.947918       2370.2776
           0.19        64.58764       2350.2776
          0.191       62.247363       2330.2775
          0.192       59.927085       2310.2776
          0.193       57.626808       2290.2776
          0.194        55.34653       2270.2775
          0.195       53.086253       2250.2776
          0.196       50.845975       2230.2776
          0.197       48.625698       2210.2775
          0.198        46.42542       2190.2776
          0.199       44.245142       2170.2776
            0.2       42.084865       2150.2775
          0.201       39.944587       2130.2776
          0.202        37.82431       2110.2776
          0.203       35.724032       1881.8409
          0.204       34.060628       2025.8367
          0.205       31.672359       2303.7142
          0.206         29.4532       2113.8693
          0.207        27.44462       1920.7191
          0.208       25.611761       1783.3236
          0.209       23.877973        1704.923
           0.21       22.201915       1655.3756
          0.211       20.567222       1604.0864
          0.212       18.993742       1524.5671
          0.213       17.518088       1417.4771
          0.214       16.158788       1306.2914
          0.215       14.905505       1212.5145
          0.216       13.733759       1137.1508
          0.217       12.631203       1069.3214
          0.218       11.595116       1002.5186
          0.219       10.626166       935.47194
           0.22       9.7241724       871.02281
          0.221       8.8841203       809.96751
          0.222       8.1042374       748.12899
          0.223       7.3878623       684.58723
          0.224        6.735063       622.74626
          0.225       6.1423698       564.21277
          0.226       5.6066374        508.6068
          0.227       5.1251562       454.81835
          0.228       4.6970007        401.3008
          0.229       4.3225546       348.21243
           0.23       4.0005759       296.84119
          0.231       3.7288722       248.17386
          0.232       3.5042282       202.16144
          0.233       3.3245493       158.57356
          0.234        3.187081       118.14363
          0.235       3.0882621       81.178517
          0.236        3.024724       47.968606
          0.237       2.9923249       19.570863
          0.238       2.9855823       -2.455196
          0.239       2.9972353      -16.203751
           0.24       3.0179898      -19.713483
          0.241       3.0366622      -13.014194
          0.242       3.0440182        4.343476
          0.243       3.0279753       33.221418
          0.244       2.9775753       71.829264
          0.245       2.8843167       116.69382
          0.246       2.7441877        163.0609
          0.247       2.5581949       206.79172
          0.248       2.3306043       244.47308
          0.249       2.0692488       272.53491
           0.25       1.7855344       286.61575
          0.251       1.4960173       288.10061
          0.252       1.2093332       278.91284
          0.253      0.93819159        259.2476
          0.254      0.69083801       232.19045
          0.255      0.47381068       198.65028
          0.256      0.29353746       159.88942
          0.257      0.15403183       117.98073
          0.258     0.057576006       74.077285
          0.259     0.005877264       28.788003
           0.26               0      -17.221138
          0.261      0.04031954      -63.475786
          0.262      0.12695157      -109.78853
          0.263      0.25989659      -156.05556
          0.264      0.43906269       -202.2637
          0.265        0.664424      -248.09833
          0.266      0.93525936      -293.65625
          0.267       1.2517365      -340.16214
          0.268       1.6155836      -387.75936
          0.269       2.0272552      -435.27702
           0.27       2.4861377      -482.75488
          0.271       2.9927649      -530.63248
          0.272       3.5474027      -579.45032
          0.273       4.1516656      -629.61959
          0.274       4.8066418       -681.8041
          0.275       5.5152738      -736.10759
          0.276        6.278857      -790.86553
          0.277       7.0970049      -846.39983
          0.278       7.9716567      -903.49659
          0.279        8.903998      -961.92205
           0.28       9.8955008      -1023.9791
          0.281       10.951956      -1090.4172
          0.282       12.076335      -1157.2944
          0.283       13.266545       -1223.772
          0.284       14.523879      -1291.6681
          0.285       15.849881      -1361.3385
          0.286       17.246556      -1433.3178
          0.287       18.716517      -1509.4201
          0.288       20.265396      -1591.3998
          0.289       21.899316      -1674.0395
           0.29       23.613476      -1754.6636
          0.291       25.408644      -1830.9783
          0.292       27.275432       -1893.847
          0.293       29.196338      -1960.1437
          0.294        31.19572      -2063.9839
          0.295       33.324305      -2180.3061
          0.296       35.556332      -2181.0124
          0.297        37.68633      -2139.9981
          0.298       39.836328      -2159.9981
          0.299       42.006326      -2179.9981
            0.3       44.196324      -2199.9981
          0.301       46.406322      -2219.9981
          0.302       48.636321      -2239.9981
          0.303       50.886319      -2259.9981
          0.304       53.156317      -2279.9981
          0.305       55.446315      -2299.9981
          0.306       57.756313      -2319.9981
          0.307       60.086311      -2339.9981
          0.308       62.436309      -2359.9981
          0.309       64.806307      -2379.9981
           0.31       67.196305      -2399.9981
          0.311       69.606304      -2419.9981
          0.312       72.036302      -2439.9981
          0.313         74.4863      -2459.9981
          0.314       76.956298      -2479.9981
          0.315       79.446296      -2499.9981
          0.316       81.956294      -2519.9981
          0.317       84.486292      -2539.9981
          0.318        87.03629      -2559.9981
          0.319       89.606288      -2579.9981
           0.32       92.196286      -2599.9981
          0.321       94.806285      -2619.9981
          0.322       97.436283      -2639.9981
          0.323       100.08628      -2659.9981
          0.324       102.75628      -2679.9981
          0.325       105.44628      -2699.9981
          0.326       108.15628      -2719.9981
          0.327       110.88627      -2739.9981
          0.328       113.63627      -2759.9981
          0.329       116.40627      -2779.9981
           0.33       119.19627      -2799.9981
          0.331       122.00627      -2819.9981
          0.332       124.83626      -2839.9981
          0.333       127.68626      -2859.9981
          0.334       130.55626      -2879.9981
          0.335       133.44626      -2899.9981
          0.336       136.35626      -2919.9981
          0.337       139.28625      -2939.9981
          0.338       142.23625      -2959.9981
          0.339       145.20625      -2979.9981
           0.34       148.19625      -2999.9981
          0.341       151.20625      -3019.9981
          0.342       154.23624      -3039.9981
          0.343       157.28624      -3059.9981
          0.344       160.35624      -3079.9981
          0.345       163.44624      -3099.9981
          0.346       166.55624      -3119.9981
          0.347       169.68624      -3139.9981
          0.348       172.83623      -3159.9981
          0.349       176.00623      -3179.9981
           0.35       179.19623      -3199.9981
          0.351       182.40623      -3219.9981
          0.352       185.63623      -3239.9981
          0.353       188.88622      -3259.9981
          0.354       192.15622      -3279.9981
          0.355       195.44622      -3299.9981
          0.356       198.75622      -3319.9981
          0.357       202.08622      -3339.9981
          0.358       205.43621      -3359.9981
          0.359       208.80621      -3379.9981
           0.36       212.19621      -3399.9981
          0.361       215.60621      -3419.9981
          0.362       219.03621      -3439.9981
          0.363       222.48621      -3459.9981
          0.364        225.9562      -3479.9981
          0.365        229.4462      -3499.9981
          0.366        232.9562      -3519.9981
          0.367        236.4862      -3539.9981
          0.368        240.0362      -3559.9981
          0.369       243.60619      -3579.9981
           0.37       247.19619      -3599.9981
          0.371       250.80619      -3619.9981
          0.372       254.43619      -3639.9981
          0.373       258.08619      -3659.9981
          0.374       261.75618      -3679.9981
          0.375       265.44618      -3699.9981
          0.376       269.15618      -3719.9981
          0.377       272.88618      -3739.9981
          0.378       276.63618      -3759.9981
          0.379       280.40617      -3779.9981
           0.38       284.19617      -3799.9981
          0.381       288.00617      -3819.9981
          0.382       291.83617      -3839.9981
          0.383       295.68617      -3859.9981
          0.384       299.55617      -3879.9981
          0.385       303.44616      -3899.9981
          0.386       307.35616      -3919.9981
          0.387       311.28616      -3939.9981
          0.388       315.23616      -3959.9981
          0.389       319.20616      -3979.9981
           0.39       323.19615      -3999.9981
          0.391       327.20615      -4019.9981
          0.392       331.23615      -4039.9981
          0.393       335.28615      -4059.9981
          0.394       339.35615      -4079.9981
          0.395       343.44614      -4099.9981
          0.396       347.55614      -4119.9981
          0.397       351.68614      -4139.9981
          0.398       355.83614      -4159.9981
          0.399       360.00614      -4179.9981
            0.4       364.19614      -4199.9981
          0.401       368.40613      -4219.9981
          0.402       372.63613      -4239.9981
          0.403       376.88613      -4259.9982
          0.404       381.15613      -4279.9982
          0.405       385.44613      -4299.9981
          0.406       389.75612      -4319.9981
          0.407       394.08612      -4339.9981
          0.408       398.43612      -4359.9981
          0.409       402.80612      -4379.9981
           0.41       407.19612      -4399.9981
          0.411       411.60611      -4419.9981
          0.412       416.03611      -4439.9981
          0.413       420.48611      -4459.9982
          0.414       424.95611      -4479.9982
          0.415       429.44611      -4499.9981
          0.416       433.95611      -4519.9981
          0.417        438.4861      -4539.9981
          0.418        443.0361      -4559.9981
          0.419        447.6061      -4579.9981
           0.42        452.1961      -4599.9981
          0.421        456.8061      -4619.9981
          0.422       461.43609      -4639.9981
          0.423       466.08609      -4659.9982
          0.424       470.75609      -4679.9982
          0.425       475.44609      -4699.9981
          0.426       480.15609      -4719.9981
          0.427       484.88608      -4739.9981
          0.428       489.63608      -4759.9981
          0.429       494.40608      -4779.9981
           0.43       499.19608      -4799.9981
          0.431       504.00608      -4819.9981
          0.432       508.83607      -4839.9981
          0.433       513.68607      -4859.9982
          0.434       518.55607      -4879.9982
          0.435       523.44607      -4899.9981
          0.436       528.35607      -4919.9981
          0.437       533.28607      -4939.9981
          0.438       538.23606      -4959.9981
          0.439       543.20606      -4979.9981
           0.44       548.19606      -4999.9981
          0.441       553.20606      -5019.9981
          0.442       558.23606      -5039.9981
          0.443       563.28605      -5059.9982
          0.444       568.35605      -5079.9982
          0.445       573.44605      -5099.9981
          0.446       578.55605      -5119.9981
          0.447       583.68605      -5139.9981
          0.448       588.83604      -5159.9981
          0.449       594.00604      -5179.9981
           0.45       599.19604      -5199.9981
          0.451       604.40604      -5219.9981
          0.452       609.63604      -5239.9981
          0.453       614.88604      -5259.9982
          0.454       620.15603      -5279.9982
          0.455       625.44603      -5299.9981
          0.456       630.75603      -5319.9981
          0.457       636.08603      -5339.9981
          0.458       641.43603      -5359.9981
          0.459       646.80602      -5379.9981
           0.46       652.19602      -5399.9981
          0.461       657.60602      -5419.9981
          0.462       663.03602      -5439.9981
          0.463       668.48602      -5459.9982
          0.464       673.95601      -5479.9982
          0.465       679.44601      -5499.9981
          0.466       684.95601      -5519.9981
          0.467       690.48601      -5539.9981
          0.468       696.03601      -5559.9981
          0.469         701.606      -5579.9981
           0.47         707.196      -5599.9981
          0.471         712.806      -5619.9981
          0.472         718.436      -5639.9981
          0.473         724.086      -5659.9982
          0.474         729.756      -5679.9982
          0.475       735.44599      -5699.9981
          0.476       741.15599      -5719.9981
          0.477       746.88599      -5739.9981
          0.478       752.63599      -5759.9981
          0.479       758.40599      -5779.9981
           0.48       764.19598      -5799.9981
          0.481       770.00598      -5819.9981
          0.482       775.83598      -5839.9981
          0.483       781.68598      -5859.9982
          0.484       787.55598      -5879.9982
          0.485       793.44597      -5899.9981
          0.486       799.35597      -5919.9981
          0.487       805.28597      -5939.9981
          0.488       811.23597      -5959.9981
          0.489       817.20597      -5979.9981
           0.49       823.19597      -5999.9981
          0.491       829.20596      -6019.9981
          0.492       835.23596      -6039.9981
          0.493       841.28596      -6059.9982
          0.494       847.35596      -6079.9982
          0.495       853.44596      -6099.9981
          0.496       859.55595      -6119.9981
          0.497       865.68595      -6139.9981
          0.498       871.83595      -6159.9981
          0.499       878.00595      -6179.9981
            0.5       884.19595               0
